dis;ang;source_pos;TDOA_Fehler1;TDOA_Fehler1_std;TDOA_Fehler2;TDOA_Fehler2_std;DistanceErrorLIN;DistanceErrorLIN_std;DistanceErrorNOL;DistanceErrorNOL_std;AngleErrorLIN;AngleErrorLIN_std;AngleErrorNOL;AngleErrorNOL_std;
100 ; 0 ; [  0. 100.] ; 6.4265999934319265e-06 ; 3.099074724388151e-06 ; 6.670037004196671e-06 ; 2.99196593915003e-06 ; 64.47164091804497 ; 22.046084557992227 ; 64.31609403888447 ; 21.872144290225695 ; 0.11428568884774234 ; 0.1277759780885305 ; 0.0009534098759726501 ; 0.0013481731082884447
100 ; 10 ; [17.36481777 98.4807753 ] ; 5.0607641689217755e-06 ; 4.473480534432124e-06 ; 7.291666666666666e-06 ; 4.699905988853822e-06 ; 61.00093163760046 ; 28.340362264499827 ; 61.00087860845281 ; 28.340472897849253 ; 1.2560765326718197 ; 2.9195661366774037 ; 1.2559324554760436 ; 2.919190268598382
100 ; 20 ; [34.20201433 93.96926208] ; 8.745647249051862e-06 ; 6.965008947445213e-06 ; 2.9528291922771567e-06 ; 3.007338854741563e-06 ; 42.381036504292204 ; 32.77803334791663 ; 42.37266003555693 ; 32.78858405411613 ; 6.1733776961866536 ; 9.053192071495348 ; 5.994775333409267 ; 8.780278379266344
100 ; 30 ; [50.         86.60254038] ; 7.2916666666666446e-06 ; 4.847180022230993e-06 ; 7.101870834657286e-06 ; 4.360787321823013e-06 ; 40.41635250226709 ; 28.224529796588406 ; nan ; nan ; 12.281222622543357 ; 19.831124474591835 ; nan ; nan
100 ; 45 ; [70.71067812 70.71067812] ; 5.867672590815414e-06 ; 3.176121094090497e-06 ; 5.257882895777369e-06 ; 4.827153864721988e-06 ; 20.792167115082943 ; 19.770173949327756 ; nan ; nan ; 40.640828068919305 ; 37.25710000620822 ; nan ; nan
100 ; 60 ; [86.60254038 50.        ] ; 4.246038488325225e-06 ; 4.958479546438937e-06 ; 6.755763394266289e-06 ; 5.146518923470912e-06 ; 11.82161033191482 ; 8.691670138888263 ; nan ; nan ; 54.213399351242344 ; 49.57289799768441 ; nan ; nan
100 ; 70 ; [93.96926208 34.20201433] ; 3.094753520743818e-06 ; 2.818106416785978e-06 ; 2.5595564434908968e-06 ; 3.9375648128775025e-06 ; 3.938784230744234 ; 4.829808201983897 ; nan ; nan ; 56.267083223472596 ; 41.84141669484293 ; nan ; nan
100 ; 80 ; [98.4807753  17.36481777] ; 4.5382404009832376e-06 ; 4.33098968064302e-06 ; 6.9945730074714305e-06 ; 5.410705608807803e-06 ; 1.2054203730980404 ; 1.1906939491460542 ; nan ; nan ; 113.89029150771611 ; 50.41228763113669 ; nan ; nan
100 ; 90 ; [1.000000e+02 6.123234e-15] ; 8.911666181157882e-06 ; 0.0 ; 6.71333381884224e-06 ; 5.208333333333302e-06 ; 0.39994838223947227 ; 0.0 ; nan ; nan ; 14.225025991840809 ; 0.0 ; nan ; nan
