dis;ang;source_pos;SNR;TDOA_real;TDOA_CSOM;TDOA_GCCP
1 ; 0 ; [0. 1.] ; 106.89884270062403 ; 1.8394623965058094 ; 0.0 ; 0.0 ; 0.0 ; 0.0
1 ; 15 ; [0.25881905 0.96592583] ; 107.3223243089371 ; 1.7881101466486744 ; 0.0014056399352375764 ; 2.168404344971009e-19 ; 0.0014062500000000002 ; 2.168404344971009e-19
1 ; 45 ; [0.70710678 0.70710678] ; 105.50774075947227 ; 2.003474640430097 ; 0.003952340930415551 ; 8.673617379884035e-19 ; 0.0039479166666666655 ; 8.673617379884035e-19
1 ; 75 ; [0.96592583 0.25881905] ; 105.22381473471657 ; 1.593503615103681 ; 0.005592257414963915 ; 0.0 ; 0.00309375 ; 0.0
1 ; 90 ; [1.000000e+00 6.123234e-17] ; 105.2197834775789 ; 1.7435262866220005 ; 0.005825808330905914 ; 8.673617379884035e-19 ; 0.0033229166666666663 ; 4.336808689942018e-19
5 ; 0 ; [0. 5.] ; 98.41825345572447 ; 1.971908116207023 ; 0.0 ; 0.0 ; 0.0 ; 0.0
5 ; 15 ; [1.29409523 4.82962913] ; 98.04176904204351 ; 1.9452299236968789 ; 0.0033900268369405793 ; 8.673617379884035e-19 ; 0.0033880208333333336 ; 4.5105489780438296e-06
5 ; 45 ; [3.53553391 3.53553391] ; 94.34128432751208 ; 1.9378438837081475 ; 0.009643947667666129 ; 0.0 ; 0.004645833333333333 ; 0.0
5 ; 75 ; [4.82962913 1.29409523] ; 92.88247199941105 ; 2.7158778882204375 ; 0.013918038451261671 ; 3.469446951953614e-18 ; 0.003916666666666666 ; 0.0
5 ; 90 ; [5.000000e+00 3.061617e-16] ; 92.95666186056664 ; 2.0735585633136355 ; 0.014564520827264782 ; 0.0 ; 0.004562499999999999 ; 8.673617379884035e-19
10 ; 0 ; [ 0. 10.] ; 86.7974292298247 ; 2.4553396042390703 ; 0.0 ; 0.0 ; 0.0 ; 0.0
10 ; 15 ; [2.58819045 9.65925826] ; 85.01265146674636 ; 1.4366196424622355 ; 0.0036638509706964965 ; 8.673617379884035e-19 ; 0.0036666666666666666 ; 0.0
10 ; 45 ; [7.07106781 7.07106781] ; 83.13316593708615 ; 2.055842347171196 ; 0.010136636850377776 ; 1.734723475976807e-18 ; 0.0051354166666666675 ; 8.673617379884035e-19
10 ; 75 ; [9.65925826 2.58819045] ; 83.0165254622815 ; 1.9201076925055858 ; 0.01403708575422854 ; 3.469446951953614e-18 ; 0.004040624999999999 ; 3.1249999999999163e-06
10 ; 90 ; [1.000000e+01 6.123234e-16] ; 82.97865369516671 ; 2.1688874985701636 ; 0.014564520827264782 ; 0.0 ; 0.004562499999999999 ; 8.673617379884035e-19
20 ; 0 ; [ 0. 20.] ; 73.08871037504859 ; 1.619502452038539 ; 0.0 ; 0.0 ; 0.0 ; 0.0
20 ; 15 ; [ 5.1763809  19.31851653] ; 72.22069557389543 ; 1.6978026904254835 ; 0.0037423673859450822 ; 8.673617379884035e-19 ; 0.0037395833333333343 ; 8.673617379884035e-19
20 ; 45 ; [14.14213562 14.14213562] ; 71.66493458904547 ; 2.1934203970697657 ; 0.010258365840055125 ; 1.734723475976807e-18 ; 0.005197916666666666 ; 8.673617379884035e-19
20 ; 75 ; [19.31851653  5.1763809 ] ; 70.80477588677505 ; 2.952966677710585 ; 0.01406078150627681 ; 3.469446951953614e-18 ; 0.004062499999999999 ; 8.673617379884035e-19
20 ; 90 ; [2.0000000e+01 1.2246468e-15] ; 70.8638590529575 ; 2.154998695529485 ; 0.014564520827264782 ; 0.0 ; 0.004562499999999999 ; 8.673617379884035e-19
40 ; 0 ; [ 0. 40.] ; 59.38908155070906 ; 1.775224454449631 ; 0.0 ; 0.0 ; 1.0416666666666667e-06 ; 3.125e-06
40 ; 15 ; [10.3527618  38.63703305] ; 59.549829750919514 ; 1.8321569737820964 ; 0.0037627230499239785 ; 4.336808689942018e-19 ; 0.0037625000000000007 ; 4.166666666666728e-06
40 ; 45 ; [28.28427125 28.28427125] ; 59.3466041558562 ; 2.161785556498414 ; 0.010288609268173838 ; 1.734723475976807e-18 ; 0.005197916666666666 ; 8.673617379884035e-19
40 ; 75 ; [38.63703305 10.3527618 ] ; 58.71517847860683 ; 2.3182558554093387 ; 0.014066399834369034 ; 1.734723475976807e-18 ; 0.004067187499999999 ; 5.182226234930174e-06
40 ; 90 ; [4.0000000e+01 2.4492936e-15] ; 57.53524495011387 ; 1.8376302213041515 ; 0.014564520827264782 ; 0.0 ; 0.0045640624999999995 ; 3.7194939731996107e-06
60 ; 0 ; [ 0. 60.] ; 51.423168254229324 ; 1.9758654406693787 ; 0.0 ; 0.0 ; 1.0416666666666667e-06 ; 4.540519732854868e-06
60 ; 15 ; [15.52914271 57.95554958] ; 51.06227040945889 ; 1.696050133090302 ; 0.0037665257182486664 ; 8.673617379884035e-19 ; 0.0037661458333333336 ; 5.182226234930389e-06
60 ; 45 ; [42.42640687 42.42640687] ; 50.454721712815584 ; 2.2224998012014323 ; 0.010294200565127663 ; 1.734723475976807e-18 ; 0.005197916666666666 ; 8.673617379884035e-19
60 ; 75 ; [57.95554958 15.52914271] ; 50.60692069906422 ; 1.775732210840452 ; 0.014067427508862529 ; 0.0 ; 0.004067708333333332 ; 6.162583107395268e-06
60 ; 90 ; [6.0000000e+01 3.6739404e-15] ; 49.94408534002305 ; 2.972007735189748 ; 0.014564520827264782 ; 0.0 ; 0.004564583333333333 ; 5.311478659992682e-06
80 ; 0 ; [ 0. 80.] ; 45.95396020084257 ; 1.859931574204311 ; 0.0 ; 0.0 ; 1.5625e-06 ; 4.9684333407132585e-06
80 ; 15 ; [20.70552361 77.2740661 ] ; 45.641700149910264 ; 1.7911651410860596 ; 0.003767859118161907 ; 0.0 ; 0.003766666666666667 ; 6.909634979907094e-06
80 ; 45 ; [56.56854249 56.56854249] ; nan ; nan ; 0.010296156811209482 ; 1.734723475976807e-18 ; 0.005197916666666666 ; 8.673617379884035e-19
80 ; 75 ; [77.2740661  20.70552361] ; nan ; nan ; 0.01406778626433149 ; 0.0 ; 0.0040708333333333326 ; 7.795119555778837e-06
80 ; 90 ; [8.0000000e+01 4.8985872e-15] ; 45.02146480797279 ; 2.1776051946359396 ; 0.014564520827264782 ; 0.0 ; 0.004564583333333333 ; 6.250000000000178e-06
100 ; 0 ; [  0. 100.] ; 41.48124483268091 ; 1.9670292269115646 ; 0.0 ; 0.0 ; -3.125e-06 ; 7.438987946398801e-06
100 ; 15 ; [25.88190451 96.59258263] ; 41.15955926892298 ; 1.1687951457344403 ; 0.003768476725605468 ; 8.673617379884035e-19 ; 0.0037692708333333332 ; 5.961209969926874e-06
100 ; 45 ; [70.71067812 70.71067812] ; nan ; nan ; 0.010297062148700187 ; 0.0 ; 0.005197916666666666 ; 8.673617379884035e-19
100 ; 75 ; [96.59258263 25.88190451] ; nan ; nan ; 0.014067952153937347 ; 1.734723475976807e-18 ; 0.0040708333333333326 ; 9.081039465709492e-06
100 ; 90 ; [1.000000e+02 6.123234e-15] ; 41.16644637970312 ; 1.3360898888671697 ; 0.014564520827264782 ; 0.0 ; 0.004563541666666666 ; 8.652733190539805e-06
