arr ; signal ; dist ; angle ; pNoise ; pSigna ; snr_DB ; K_True ; K_Estim ; Dist_Estim
A4 ; SX ; 10 ; 00 ; [2.5061157034267862e-05, 2.7660824858160623e-05, 2.6575470916010036e-05, 3.4980144813536956e-05, 3.046633373598583e-05, 3.678923889416409e-05, 3.5026839774830254e-05, 3.475455817708273e-05] ; [0.004385923610925333, 0.004587760447646288, 0.0034212723864704983, 0.003555008230702787, 0.003235538335550316, 0.002869159122072486, 0.002336636719388472, 0.0024043531815943096] ; [51.648363932930096, 51.104511470467926, 48.57303669281567, 46.181648007003595, 46.63802325190958, 43.52039363444845, 41.96193230344163, 42.3416085571396] ; 0.3269642113693541 ; 0.10362651674062803 ; 10.0 ; 5.676191247866848
A4 ; SX ; 10 ; 22,5 ; [6.0329323167281826e-06, 6.747989721564451e-06, 6.09985856255692e-06, 9.071343491525315e-06, 6.823275743126639e-06, 7.3680760413508195e-06, 9.0337449492967e-06, 7.1415517629264055e-06] ; [0.0034542227451486757, 0.004436429907427162, 0.0033746820977076626, 0.0026917467163265684, 0.0026372348972581996, 0.002123677490399434, 0.002088727521440768, 0.0027252496969132002] ; [63.50119565114583, 64.88189371063488, 63.15680195509582, 56.917415781689954, 59.56727516610656, 56.625243227529225, 54.42144837008874, 59.439207992765404] ; 0.2876872839809913 ; 0.12370503605240386 ; 10.0 ; 6.626596857700179
A4 ; SX ; 10 ; 45 ; [1.7333833140637312e-05, 2.210495408097326e-05, 2.02415480107403e-05, 3.0559910180863245e-05, 1.9414342745502682e-05, 2.8827906067941856e-05, 3.082549017537303e-05, 2.3560314720254026e-05] ; [0.002433644359173922, 0.003903875036353606, 0.004011237564520364, 0.002707633151585985, 0.003659258228495271, 0.002195466933071853, 0.0025469011422402797, 0.003365532962701944] ; [49.44484884604475, 51.732855548103096, 52.88808896910354, 44.805073022218835, 52.3814407807632, 43.28167441288051, 44.10933256087127, 49.60536679899883] ; 0.3073228478804506 ; 0.18863812800532453 ; 10.0 ; 7.937747162368756
A4 ; SX ; 10 ; 67,5 ; [1.6523016162793205e-05, 2.1652792135405066e-05, 2.0322382910276328e-05, 2.4762470300943627e-05, 2.1630056604002082e-05, 2.8328912042037346e-05, 2.6015394237674262e-05, 2.0990048563522392e-05] ; [0.00285848426550822, 0.004426679045928805, 0.003490244598967491, 0.002614595536388568, 0.00292536253795664, 0.0028671002473447988, 0.0017444598179741347, 0.0029088000162685876] ; [51.53292458363322, 53.19719717444621, 51.45647810610345, 46.5648713267408, 49.0589174236187, 46.136849439271366, 42.013732002470014, 49.30167997390889] ; 0.2938621234037871 ; 0.10602813867848238 ; 10.0 ; 6.099914275415394
A4 ; SX ; 10 ; 90 ; [5.05224218864855e-06, 6.591192618267144e-06, 6.306444094662666e-06, 8.229131173556306e-06, 6.531367100016168e-06, 8.420148165331872e-06, 8.944190197466788e-06, 7.065713205867596e-06] ; [0.0016326570066797124, 0.004416993307082959, 0.0027911221118747916, 0.0031521972463895757, 0.0031936264992488677, 0.002836131862716027, 0.0025248862151346914, 0.0029893501892848113] ; [57.78131889632175, 65.0731218902737, 60.92488715034907, 59.47335249517057, 61.91964863113988, 58.185220107883296, 56.419655837869165, 60.471384441973726] ; 0.2920323228908056 ; 0.20374515780331282 ; 10.0 ; 8.531027495998714
A4 ; SX ; 20 ; 00 ; [8.384170916864783e-06, 1.0535819198165747e-05, 9.325924477675317e-06, 1.2268128927775501e-05, 1.0456621420827573e-05, 1.452348249034592e-05, 1.3246144858652036e-05, 1.2105976718472026e-05] ; [0.0003437682359048267, 0.00021271633937960786, 0.00016696682760985454, 0.00018205923483472316, 0.0005646101857375592, 0.00021706968077186127, 0.00019393480969013215, 0.00017965451812531821] ; [37.13622184031313, 29.99587344695081, 28.81572927862832, 26.75433372437371, 39.85896503700892, 26.80587364125252, 26.647188627180974, 26.85324303457341] ; 0.10248290857450722 ; 0.009568425819310264 ; 20.0 ; 6.485055253519269
A4 ; SX ; 20 ; 22,5 ; [1.4369973712928686e-05, 1.8808582914212227e-05, 1.5085508413326101e-05, 2.0122793024648053e-05, 1.625075426634028e-05, 2.315932423801801e-05, 2.2524049182438385e-05, 2.0407313638196577e-05] ; [0.00023706256649711114, 0.0001100133592005216, 0.0004198426331838771, 0.0001807283941439328, 0.0003907880852635434, 0.00011642805015613123, 0.00035369793401816683, 0.000403657939214277] ; [28.031832291664827, 17.468544857947606, 33.239439966606554, 21.58703385380641, 31.732691273040977, 15.421883702505983, 27.360664146104497, 29.756758676761628] ; 0.11173698075574139 ; 0.004118530870625999 ; 20.0 ; 4.249126712582926
A4 ; SX ; 20 ; 45 ; [7.915521357082599e-06, 1.0069926695290902e-05, 1.0395851446694247e-05, 1.4967081954322278e-05, 1.018286744133569e-05, 1.399382772477561e-05, 1.3761145918689677e-05, 1.0539730046031743e-05] ; [0.0002587180659002464, 0.0002078188056832253, 0.00040581692725559775, 0.000472344698132821, 0.0001612334578466983, 0.0002441391128068219, 7.014047074496443e-05, 0.00032579436511741164] ; [34.86913359490031, 30.216433977249274, 36.62926339664323, 34.41620183906877, 27.51866571024756, 28.38712572809227, 15.72785335045111, 34.2536557199875] ; 0.10715134393355777 ; 0.002031671609119603 ; 20.0 ; 3.069265096254613
A4 ; SX ; 20 ; 67,5 ; [1.016570124360394e-05, 1.2456009522234788e-05, 1.1569890688399255e-05, 1.4651277896035238e-05, 1.3432500526893286e-05, 1.6938201664331565e-05, 1.6456856468916973e-05, 1.397594453436937e-05] ; [0.00019364967021577288, 0.00010896287527859886, 0.0001840036825393541, 0.00014792528999489277, 0.0001413820684213082, 0.00032543744299842373, 0.0003610444535159878, 0.00033164949500330115] ; [29.470312721774185, 21.55851680251079, 27.626941434747753, 22.798314564973452, 23.382834857616857, 29.370839744705776, 30.755553429959015, 31.59245937084901] ; 0.0909215380081819 ; 0.002972869688652167 ; 20.0 ; 3.889428469920792
A4 ; SX ; 20 ; 90 ; [9.568814388818007e-06, 1.153593987550388e-05, 1.0330353214319124e-05, 1.239950701832078e-05, 1.023098417089992e-05, 1.4063299261322316e-05, 1.4243139315986584e-05, 1.1513237147656201e-05] ; [0.0001702647571551443, 0.00021697846213149247, 0.00019483425841795157, 0.00024824042063883143, 0.0002529748950363504, 0.0003413778378688987, 0.00027627719595449244, 0.0002945044036233488] ; [28.788453111242625, 29.283275940483318, 29.33812637887619, 29.80558162948485, 32.012986477070726, 31.74795294727272, 29.507492244524126, 32.348452400318266] ; 0.09975627516920599 ; 0.010807334511933357 ; 20.0 ; 6.69316824817825
A4 ; SX ; 40 ; 00 ; [1.1036682835886032e-05, 1.5339448124595662e-05, 1.2235244294624793e-05, 1.532575451305595e-05, 1.3517473464933383e-05, 1.7472354892019348e-05, 1.742577881331471e-05, 1.4942496512257268e-05] ; [0.000319914073066545, 0.00021460286672323275, 0.00024154739758967117, 0.0003109725150505943, 0.0002995075994548064, 0.0003312268284947012, 0.00017816462695284318, 0.0002261732665485687] ; [33.66827910132807, 26.30282211439251, 29.79640285295787, 29.942045772021338, 30.908210461007762, 29.23416340821256, 22.972971694611772, 27.05316385938632] ; 0.42380983761325913 ; 0.013591689140999248 ; 40.0 ; 7.27716965584397
A4 ; SX ; 40 ; 22,5 ; [7.68868286993971e-06, 9.220181766139215e-06, 8.611078368727755e-06, 1.125835687462133e-05, 9.757564911876107e-06, 1.132937162844102e-05, 1.167730407948298e-05, 1.0707705230606186e-05] ; [0.00020237674617664534, 0.00024722205007885075, 0.00017465671904953823, 0.0001758006009457086, 0.00013863816041640277, 0.0002175497129308895, 0.0002279631625386456, 0.0001909526183399308] ; [32.703815498248794, 32.846848616251336, 30.06751033561973, 27.274439002890357, 26.423614732592178, 29.365033661766358, 29.572492875041988, 28.710758027645245] ; 0.31514351520167655 ; 0.025594866451778008 ; 40.0 ; 11.525011502312996
A4 ; SX ; 40 ; 45 ; [7.803157385302337e-06, 1.0037552818110271e-05, 8.733524864282119e-06, 1.2029878720020816e-05, 9.82738112060184e-06, 1.2226874637174714e-05, 1.1689338357674205e-05, 9.923787157817096e-06] ; [0.0002387334817443513, 0.00019604866126081793, 0.0003098697100956692, 0.00030393481397603464, 0.000177659224760729, 0.00017422355171990838, 0.00016015034876873505, 0.0002572447012752459] ; [34.20819345779809, 29.662491672755436, 35.672565110696375, 32.16617999937763, 28.856965479759715, 26.316567961623576, 25.970151091421265, 32.48234004985833] ; 0.36341819405015546 ; 0.012005447468456321 ; 40.0 ; 7.429669590449734
A4 ; SX ; 40 ; 67,5 ; [1.0826278306810024e-05, 1.4516701079618899e-05, 1.264460496536143e-05, 1.8617614158550078e-05, 1.4181785633353658e-05, 1.9152729616367143e-05, 1.9577296251832127e-05, 1.4884129749287196e-05] ; [0.00012962100502088308, 0.00017067385206355967, 0.00016552745839146848, 0.0001230370364593851, 0.0001896069996677272, 0.00020908964134425998, 0.0002933886530334561, 0.00027741279540739267] ; [24.826384912581474, 24.548334979350635, 25.67220507786233, 18.385253790252293, 25.80808705015429, 23.57500059501956, 26.88475163820406, 29.156585281135836] ; 0.3123964925198809 ; 0.006429349137732394 ; 40.0 ; 5.938156800152115
A4 ; SX ; 40 ; 90 ; [7.328651111456161e-06, 8.915692379071169e-06, 8.695636579981293e-06, 1.047960276285897e-05, 8.641610071488743e-06, 1.1310664289892982e-05, 1.0889467025439726e-05, 9.46296862122574e-06] ; [0.00014533115933562524, 0.00016866804444913046, 0.00015178164608497494, 0.0002665282540788848, 0.00029777001656287183, 0.0001638804422351625, 0.0002679556129453756, 0.0003971002167756727] ; [29.87223519898667, 29.341512581751587, 28.561093090143178, 32.23332812188729, 35.35021763817244, 26.487646911171517, 31.917070156938866, 37.325710190900885] ; 0.3710562739713372 ; 0.006117071059672439 ; 40.0 ; 5.374218686584247
A4 ; SX ; 60 ; 00 ; [1.0611847108280885e-05, 1.3178419987504574e-05, 1.0840689218401444e-05, 1.6458906440299587e-05, 1.2833974612065427e-05, 1.7762076648758782e-05, 1.659943658231899e-05, 1.3912801511713204e-05] ; [0.0001719779610098312, 0.00018289042667120158, 9.275232076543729e-05, 0.00020638541209188897, 0.00020480886542601577, 0.0001632029454333738, 0.00016138858382117074, 0.00017326088929334077] ; [27.85395306204937, 26.221618061611977, 21.394476286760494, 25.02915227721591, 27.597817484539352, 21.788145248040344, 22.455485331407058, 25.0765821037724] ; 0.61081224607451 ; 0.021987566302161633 ; 60.0 ; 11.611977671978979
A4 ; SX ; 60 ; 22,5 ; [1.2916787516950829e-05, 1.4130175769557233e-05, 1.3507761420179397e-05, 1.5808340609712308e-05, 1.337855137541089e-05, 1.843160070430402e-05, 1.696842845154219e-05, 1.518505381011242e-05] ; [7.166728822780141e-05, 0.0001047396905248417, 0.00011886892303488998, 6.577703035699732e-05, 0.00010587828514058869, 0.00014048984226893905, 9.669657623187822e-05, 0.0001352311157839086] ; [17.135065891295, 19.87861888427248, 21.67778259601565, 13.4535015247092, 20.479627625020925, 19.83724875356146, 16.90405473130254, 21.665758888083985] ; 0.37828535699602617 ; 0.010029031432153812 ; 60.00000000000001 ; 10.015691463223204
A4 ; SX ; 60 ; 45 ; [2.1435483987102027e-05, 2.7235669231122826e-05, 2.5150076235802706e-05, 2.8220400764141912e-05, 2.5744624705186733e-05, 3.0979505782270825e-05, 2.4135586815444657e-05, 2.5504332122544163e-05] ; [0.00015458319854395593, 0.00014991839167702498, 0.00013301266294731584, 0.00011948378856879409, 0.00010154883613901176, 0.00011987210534286972, 8.718808850882693e-05, 0.00015761428944434847] ; [19.756847742143034, 16.849002397316358, 16.539443933919774, 13.641956822815127, 13.303924567170638, 12.57592690640277, 12.04619686672209, 17.922106773232155] ; 0.4596535804900558 ; 0.010263856294467489 ; 60.00000000000001 ; 9.087718150130843
A4 ; SX ; 60 ; 67,5 ; [1.2337704115433092e-05, 1.4729611266850124e-05, 1.4107781572830458e-05, 1.7761308968357007e-05, 1.480629867075412e-05, 1.9472932179579078e-05, 1.9727370889853554e-05, 1.639013941618458e-05] ; [6.97337389235302e-05, 0.000124736197676973, 9.64579157577958e-05, 5.037518976837392e-05, 6.94428232838732e-05, 6.673965233185897e-05, 0.00014122974695722024, 0.00013228057843545272] ; [17.32024310875327, 21.22958657049811, 19.133890972846217, 9.22215486835229, 15.1031273163821, 11.232556064172915, 19.28929286219349, 20.660455550025894] ; 0.33790665496602024 ; 0.0019349756529253234 ; 60.00000000000001 ; 4.759008994441404
A4 ; SX ; 60 ; 90 ; [7.44226178392088e-06, 9.088550515541031e-06, 8.489667133536796e-06, 1.1127868254890452e-05, 8.678182850282198e-06, 1.2512929969270006e-05, 1.1968897716538599e-05, 9.918232473477665e-06] ; [5.547946484749898e-05, 0.00011252752951395408, 9.835060114549519e-05, 0.00010914043278013778, 7.558944039779341e-05, 0.00018348809865192256, 0.00021500493628280522, 0.00016099901148068567] ; [20.088381436761583, 25.07048558393904, 24.443921299903877, 22.49866714294503, 21.457376282826228, 26.61058123368829, 28.72812872548248, 27.76047519815217] ; 0.4550691083448372 ; 0.0013745729360086574 ; 60.0 ; 3.5264761092460732
A4 ; SX ; 80 ; 00 ; [4.116245259398786e-06, 5.159117493091746e-06, 4.071712169647758e-06, 5.864929414680443e-06, 4.582546290362096e-06, 5.8869304876845395e-06, 6.164356476745298e-06, 5.153876711833835e-06] ; [6.426922905397562e-05, 7.046481893560315e-05, 3.93424737675151e-05, 7.978884422961082e-05, 0.00010703860075843809, 4.03208381510766e-05, 5.2641017497543785e-05, 3.875038883013275e-05] ; [27.48139560857162, 26.060716981142274, 22.61887216985454, 25.864868117197673, 31.439775891740158, 18.71303171919317, 21.117443768033986, 19.935422006746457] ; 0.3933589121373775 ; 0.0013133352466177539 ; 80.0 ; 4.83739143768963
A4 ; SX ; 80 ; 22,5 ; [9.91509600567823e-06, 1.324789387282116e-05, 1.1601163780473266e-05, 1.554894378306408e-05, 1.3149123926841691e-05, 1.890525874636825e-05, 1.593622491398663e-05, 1.4875954461892635e-05] ; [4.1580356980949634e-05, 2.92765109440616e-05, 3.841516810743493e-05, 3.058268968872051e-05, 7.191210097692563e-05, 5.6191859608033366e-05, 6.769223657114293e-05, 4.2576949139403716e-05] ; [14.33569422996319, 7.40662775206447, 11.786922669607897, 4.980382606104362, 16.69031458585826, 9.631101879805664, 13.789568525879801, 9.876574415326472] ; 0.3034001107316341 ; 0.001480615805792318 ; 80.0 ; 5.811199931280665
A4 ; SX ; 80 ; 45 ; [5.790732841390193e-06, 7.5853937201671725e-06, 7.352910527977492e-06, 9.923972418944143e-06, 7.485515326725304e-06, 9.174089781609504e-06, 9.887660074502786e-06, 7.747998693460011e-06] ; [4.1116968368543383e-05, 6.879420936590664e-05, 7.247688510195445e-05, 7.192923338091532e-05, 3.063824629991349e-05, 6.624565941188828e-05, 5.263113834731285e-05, 8.956813510752117e-05] ; [19.6016203821919, 21.92404712941592, 22.819433484200836, 19.35376633123226, 13.689102115643106, 19.269452254841866, 16.185904803760153, 24.321183049345212] ; 0.39496974588314476 ; 0.003921704656389007 ; 80.0 ; 8.2891522124448
A4 ; SX ; 80 ; 67,5 ; [1.0454895456614845e-05, 1.1424041881562235e-05, 1.1250768585534708e-05, 1.4323220869736634e-05, 1.2626686473742536e-05, 1.6888574650905787e-05, 1.679475586892339e-05, 1.3841361829858662e-05] ; [7.055605292033506e-05, 7.143648517030398e-05, 7.12248973743941e-05, 7.844657002342506e-05, 8.204561250895498e-05, 0.00012391376532681998, 8.000611901562188e-05, 7.634540159467264e-05] ; [19.09337137332918, 18.149219114235184, 18.356918862513993, 16.400649967715573, 18.462246801226094, 19.43719252243145, 15.011436577720314, 16.7495384111831] ; 0.5235018051254355 ; 0.05283527456076276 ; 80.0 ; 25.722500884089666
A4 ; SX ; 80 ; 90 ; [1.2345610783454119e-05, 1.437843152887331e-05, 1.2650340827153727e-05, 1.5739335332202428e-05, 1.3844801828119665e-05, 1.7423064871782282e-05, 1.7197854336717553e-05, 1.4040775158415449e-05] ; [1.4951414687368557e-05, 5.688817797277384e-05, 3.289039185671992e-05, 6.074563619016891e-05, 3.172170560384893e-05, 6.208231094168206e-05, 7.777662478338641e-05, 4.677952515826684e-05] ; [1.915053255231752, 13.464926366108232, 9.316765001122992, 12.63590751250586, 7.5579133759775186, 11.665108897778664, 14.458648933186227, 11.48828826996981] ; 0.30727681414004604 ; 0.000706574159456046 ; 80.0 ; 4.179730340844201
