arr ; signal ; dist ; angle ; pNoise ; pSigna ; snr_DB ; K_True ; K_Estim ; Dist_Estim
A4 ; CH ; 10 ; 00 ; [1.6337308266074633e-05, 1.901166253406991e-05, 1.826064613070559e-05, 2.0954957618159608e-05, 1.903120495828822e-05, 2.4225114972368895e-05, 2.0634898297216064e-05, 2.267669831502861e-05] ; [0.0013052694389980677, 0.0010682369933218512, 0.0017228176375848486, 0.0014712977141752084, 0.0012722284050692048, 0.0016084820231137232, 0.002280801610687527, 0.0008327618817888711] ; [43.80713422047122, 40.267067721295014, 45.46319253939962, 42.46937125507357, 42.0001990230817, 41.90333849888117, 47.02789843748984, 35.985730352834096] ; 0.14694710724463217 ; 0.04632950750970995 ; 10.0 ; 5.838464207985338
A4 ; CH ; 10 ; 22,5 ; [1.2911024053251599e-05, 1.6555319955486733e-05, 1.530679696076627e-05, 1.8982494823365627e-05, 1.610784406553984e-05, 2.0229262645929957e-05, 1.8942750327641408e-05, 1.678910822180396e-05] ; [0.0015240360331952752, 0.001252955359571254, 0.0014338962905733957, 0.0006521673888481716, 0.0007873248157707086, 0.0010351791532065416, 0.0008998394445838502, 0.0005382345432718151] ; [47.71035855600616, 43.250642782457845, 45.39200209504682, 35.27385784653469, 38.860159044461454, 39.282881446514786, 38.54948099678482, 34.620215085166926] ; 0.09923997014743427 ; 0.030831540904783662 ; 10.0 ; 5.763543579935812
A4 ; CH ; 10 ; 45 ; [8.51509078594568e-06, 1.0970129384772056e-05, 1.0744828737616095e-05, 1.4511958788890886e-05, 1.0612721596466356e-05, 1.4173453026397518e-05, 1.407257295567095e-05, 1.1325131460541501e-05] ; [0.0012918230908630973, 0.0012771892678030215, 0.0012224398605283075, 0.0008502656719811206, 0.0008917683821955331, 0.0008033032171544785, 0.0009112035897622268, 0.001371359665202267] ; [50.21969772448482, 47.562735911299086, 47.33641371391377, 40.650756008222274, 44.29223937544033, 40.311234136052434, 41.66252435443787, 47.95069300210439] ; 0.10727127593915652 ; 0.09523400506192413 ; 10.0 ; 9.551205653628994
A4 ; CH ; 10 ; 67,5 ; [1.1287914841038166e-05, 1.3147424915705269e-05, 1.2457660987057143e-05, 1.719375266513737e-05, 1.2191414228288776e-05, 1.684362112876783e-05, 1.5963820980601403e-05, 1.321367721350438e-05] ; [0.0018617617198388476, 0.0013630525475395012, 0.0010376645068094637, 0.000726175638452413, 0.001019742098185146, 0.0008636311857281112, 0.0005298514579826022, 0.0007376955931173422] ; [51.055458093175915, 46.401696358875746, 44.21657031919224, 37.35607453319329, 44.2463514535984, 39.30276031500504, 34.9389288050694, 40.190998401176195] ; 0.10067162595087717 ; 0.015742569394666193 ; 10.0 ; 4.140787977419405
A4 ; CH ; 10 ; 90 ; [1.5308388786320954e-05, 1.7684959137434564e-05, 1.699987223326139e-05, 2.3409494901316335e-05, 1.6199340173199276e-05, 2.447669978081888e-05, 2.3130045205852737e-05, 1.7268262818058672e-05] ; [0.0011333429032244528, 0.0019576461574151724, 0.0010845158780599885, 0.0010693821652050133, 0.0018687334831448106, 0.0009766738192574546, 0.0004732904897278308, 0.000683174163746581] ; [43.04525901090262, 47.05766089884133, 41.54723381878089, 38.14634640435714, 47.46640905160938, 36.77558877547679, 30.049503088669077, 36.73390600759726] ; 0.11403628934899179 ; 0.01737627670946475 ; 10.0 ; 4.162299974891782
A4 ; CH ; 20 ; 00 ; [1.1989400015622858e-05, 1.5150192416969354e-05, 1.3339681128588092e-05, 1.8413245510718954e-05, 1.5801825717030066e-05, 2.1109464069198953e-05, 1.905257664611047e-05, 1.7377665661931036e-05] ; [0.0008740731903901033, 0.0008769802834253824, 0.0007145736854491297, 0.0009100592479521892, 0.0013624229299390193, 0.0009359916353464604, 0.0013921943688181386, 0.0006102741563462475] ; [42.89141186625555, 40.56524619586532, 39.79799864730061, 38.93915795962227, 44.5501447618902, 37.83904364068169, 42.87636932317062, 35.53664068395748] ; 0.3860607124891102 ; 0.0616396156885449 ; 20.0 ; 8.230529365194569
A4 ; CH ; 20 ; 22,5 ; [9.799588985309997e-06, 1.395568229690126e-05, 1.1598113638254004e-05, 1.4020250061110478e-05, 1.2421801003026713e-05, 1.4135038410073158e-05, 1.3067976395053809e-05, 1.3334360616753101e-05] ; [0.0008371234324922763, 0.0007927366760866625, 0.0005057173937083095, 0.0005480592641166082, 0.0006762468321960745, 0.0003922641386367032, 0.0005555930473732536, 0.0005086776947651933] ; [44.476310852165014, 40.376205766856614, 37.737310108194166, 36.5762540669924, 39.941260059001635, 33.10496839956984, 37.43336295944667, 36.368146299035075] ; 0.23861220155815324 ; 0.04198257521565715 ; 20.0 ; 8.528080050969054
A4 ; CH ; 20 ; 45 ; [9.090412122805135e-06, 1.1283575825581562e-05, 1.012220478071766e-05, 1.2656944242609221e-05, 1.0588724772032337e-05, 1.3252787550868435e-05, 1.3898541099190861e-05, 1.148595868390936e-05] ; [0.0008888256964199606, 0.0005437468644652896, 0.0006133299187453992, 0.0007654413761774643, 0.0006631196484860803, 0.0005986559021710455, 0.0005465012285159097, 0.0009140655593190084] ; [45.82680904067068, 38.72796796074026, 41.031609699744614, 40.96918335614302, 41.34576491297649, 38.02645965402069, 36.646846986637115, 43.74547915942584] ; 0.2773416635749572 ; 0.06150215766347662 ; 20.0 ; 9.563556623052675
A4 ; CH ; 20 ; 67,5 ; [2.4673377012737414e-05, 2.34895742849889e-05, 1.8377378283583183e-05, 1.840590461995668e-05, 2.6066135560003965e-05, 2.695161939232615e-05, 2.38107482989116e-05, 2.5232167992152414e-05] ; [0.0007278627892340142, 0.0008558774087213799, 0.0006198890412924251, 0.00037963980960204147, 0.000701709495128298, 0.0006955933369976912, 0.0005253467107680648, 0.0003951936904338473] ; [33.84387745509364, 35.924760936366546, 35.16604058849541, 30.108476303134395, 32.86848822122509, 32.36971401259926, 30.812899925299785, 27.398783668828585] ; 0.24364902253755394 ; 0.02454428166283197 ; 20.0 ; 6.5081893298534705
A4 ; CH ; 20 ; 90 ; [9.845165639198209e-06, 1.3167765720412879e-05, 1.1364222196681093e-05, 1.508543139297867e-05, 1.2671367761195611e-05, 1.5637758116252727e-05, 1.527806961950587e-05, 1.3061175765933455e-05] ; [0.0006037795801854345, 0.0010604838633468494, 0.0008279998940844414, 0.0004154519237035624, 0.0005022635285640148, 0.0006944226720667844, 0.0006156743146051967, 0.00046768792698792164] ; [41.162286612103, 43.87309922325752, 42.87702705296597, 33.03899359030574, 36.75686123465154, 37.854237978091454, 36.89403670370848, 35.73196278918612] ; 0.25884587737392967 ; 0.01532550499468542 ; 20.0 ; 5.018838265975155
A4 ; CH ; 40 ; 00 ; [1.5322026004795648e-05, 1.9121658426080942e-05, 1.7616548430753585e-05, 1.9274164201431327e-05, 2.0910065520744674e-05, 2.434731261009204e-05, 2.2083476292268282e-05, 1.9162520826751546e-05] ; [0.0002729723471497229, 0.00030338497512663647, 0.00020220502813796947, 0.00040880922294367605, 0.00030977262637801113, 0.00023980438444870243, 0.00023837359213687914, 0.00013929246645580967] ; [28.800790962500823, 27.570603204746998, 24.35097397671017, 30.392151382645718, 26.846165712177417, 22.50961332711215, 23.530184316656268, 19.58940677580997] ; 0.4214618865807669 ; 0.010220398557026956 ; 40.0 ; 6.427338005534963
A4 ; CH ; 40 ; 22,5 ; [1.6277932332846208e-05, 1.86548861893232e-05, 1.7000424974091213e-05, 2.4584170665548988e-05, 1.9246111240818e-05, 2.4429192956784735e-05, 2.5520981016460106e-05, 2.1101322878991677e-05] ; [0.00019805846505002513, 0.00020676079213844168, 0.00028146042234578235, 0.00021176643523631517, 0.0002373848896884406, 0.0002090139408727124, 0.00028714539853733393, 0.0003297013180030204] ; [24.987519192125404, 23.952455465134896, 28.030501797811365, 21.153585465722816, 24.99157480810822, 21.04555197392719, 23.955660119854556, 27.374459156257124] ; 0.3937359761094511 ; 0.032128088148793726 ; 40.0 ; 11.585500635947291
A4 ; CH ; 40 ; 45 ; [1.4405262477020984e-05, 1.7895750568069194e-05, 1.7299667697694018e-05, 2.283104581068297e-05, 1.8460859416002786e-05, 2.389352401209591e-05, 2.2461077718052385e-05, 1.8344905580973635e-05] ; [0.0001498010392634577, 0.0003233066480184424, 0.00018346506228452585, 0.00028048603418238895, 0.0001662426824117218, 0.00016447036627656716, 0.00019611048759848507, 0.0002758475006325503] ; [23.41714419117768, 28.877872332007826, 23.5554953468569, 24.818950110894594, 21.79649167995538, 18.76562394072944, 21.346618199111838, 26.986421595872937] ; 0.3475428650860444 ; 0.015116254724361757 ; 40.0 ; 8.57576603378082
A4 ; CH ; 40 ; 67,5 ; [1.300752148712086e-05, 1.712371384461101e-05, 1.652115502984592e-05, 2.2208299860461858e-05, 1.6099175527870253e-05, 2.3822460428427098e-05, 2.01780735977281e-05, 1.751296804923899e-05] ; [0.0001060883931387694, 0.00021157803928655697, 0.00014976412528244887, 0.00010086420389335809, 0.00019780196872423557, 0.00019533667444764482, 0.00018651239967576802, 0.0002160678683332337] ; [20.98744878064863, 25.049768735153997, 21.976458374225114, 14.399201071350252, 24.952303265938916, 20.601605851243363, 21.93482243533641, 24.981846069360742] ; 0.2722357217033331 ; 0.016232393117412276 ; 40.0 ; 10.049612748188581
A4 ; CH ; 40 ; 90 ; [1.1054188304113341e-05, 1.3283055662216554e-05, 1.2106224190981788e-05, 1.6192635057353177e-05, 1.2193344403405614e-05, 1.6833214969550678e-05, 1.660077892990982e-05, 1.3620399597949478e-05] ; [0.00011066393030165497, 0.00016903714209034142, 0.0002618082808192688, 0.00022590015319117634, 0.00017566063288830481, 0.00017220639187267604, 0.00015961455421241747, 0.00024423047074446073] ; [23.036885655570988, 25.34743739119651, 30.710588608992126, 26.12230715324319, 26.563590582736825, 22.902796253473753, 22.34086201216375, 28.766126313930393] ; 0.3034825999538706 ; 0.0075247172251017335 ; 40.0 ; 6.452815329533932
A4 ; CH ; 60 ; 00 ; [5.549331294395273e-06, 8.540813722910252e-06, 6.497244008662722e-06, 8.675135187843893e-06, 7.686528123630984e-06, 8.39377630801359e-06, 9.477946090301465e-06, 7.165633783502437e-06] ; [7.624820139043919e-05, 9.971621242887595e-05, 0.00011366207969532083, 0.00013843086171532566, 8.670042716487069e-05, 0.00015102906524015977, 0.00012950371750830106, 7.73178708336019e-05] ; [26.20316393884409, 24.477830905945787, 28.58347300028393, 27.49564652910773, 24.08528573429219, 28.701989048967846, 25.942655278282444, 23.620702836007872] ; 0.39340629739310773 ; 0.004415856586561054 ; 60.0 ; 6.51080125925414
A4 ; CH ; 60 ; 22,5 ; [1.4930056225591045e-05, 1.8347140335141856e-05, 1.5367516424302173e-05, 1.9771208514854913e-05, 1.6879636986317058e-05, 2.0703048379571574e-05, 2.1666277818917413e-05, 1.938157848524833e-05] ; [7.86393293996905e-05, 4.159633076745657e-05, 8.63079125040056e-05, 5.91450964127358e-05, 6.983668069089264e-05, 6.625511975010895e-05, 9.445959307072117e-05, 5.433026151564912e-05] ; [16.61495570840514, 7.676093501149004, 17.147087420503343, 9.8211594713763, 13.801236464248728, 10.465481248361, 14.067862832314313, 9.65460240291695] ; 0.24821776918807822 ; 0.0024116542888894758 ; 60.00000000000001 ; 6.056086678903284
A4 ; CH ; 60 ; 45 ; [1.7822042137384128e-06, 2.2376927443923263e-06, 2.096417877662183e-06, 2.852496479778027e-06, 1.8932665815671315e-06, 2.4359272695893723e-06, 2.480896802791095e-06, 2.1436563763269196e-06] ; [0.00011824292791568034, 6.471516353349364e-05, 6.685103534090593e-05, 7.963152317646996e-05, 6.391941621678136e-05, 4.324506242524273e-05, 8.822099349388825e-05, 0.00010590669547682775] ; [41.94890298833456, 33.60650094841973, 34.60315656126135, 33.176366166409, 35.14511346405723, 28.565025881294225, 35.63406468869633, 38.96452471914917] ; 0.28414825309444264 ; 0.004894620879559485 ; 60.00000000000001 ; 8.145452601779812
A4 ; CH ; 60 ; 67,5 ; [2.160922941424653e-05, 3.5574969933144044e-05, 3.227612919233547e-05, 3.382604882610954e-05, 3.503586131818121e-05, 4.719159048346304e-05, 3.641545680986463e-05, 3.659319987167268e-05] ; [3.9120149632037316e-05, 7.579034175477398e-05, 8.735820189210206e-05, 7.907214480829261e-05, 7.419916156528136e-05, 7.829483699479378e-05, 0.00010037982266726657, 8.857227966160992e-05] ; [5.935171589838049, 7.020404787659389, 9.728183042007357, 7.012319384932438, 6.708331486131799, 2.674507263700514, 9.080885608106605, 8.079313107790702] ; 0.2805261653566221 ; 0.013011749855133972 ; 60.00000000000001 ; 13.25153120662577
A4 ; CH ; 60 ; 90 ; [1.2247528092409938e-05, 1.4352895818176138e-05, 1.3388672587649735e-05, 1.7663520336523614e-05, 1.3995405162121158e-05, 1.8404990139616824e-05, 1.8669640017435517e-05, 1.499998593608696e-05] ; [8.542300032941234e-05, 8.635907123463494e-05, 6.006233203997657e-05, 0.0001204607480933608, 8.97123256837106e-05, 7.469483932948344e-05, 8.869801423986762e-05, 8.154921358897253e-05] ; [19.422912609794928, 17.75675037923531, 14.872378935917913, 18.71551606230397, 18.322913628008855, 13.099386153540944, 14.982793087604387, 16.60021620557264] ; 0.30945807399226866 ; 0.004743954636549998 ; 60.0 ; 7.526032560259958
A4 ; CH ; 80 ; 00 ; [1.6182296932016124e-05, 1.9858748695261426e-05, 1.739680186248727e-05, 2.076157317351581e-05, 1.9503390695686984e-05, 2.4583060878398197e-05, 2.3851812752682947e-05, 2.3094599304053272e-05] ; [3.366081183857171e-05, 5.0816816958606595e-05, 4.3022537453362694e-05, 6.360063620717277e-05, 3.914683215817355e-05, 4.940913816314335e-05, 5.0220574916607746e-05, 4.2676874138764665e-05] ; [7.324164445223302, 8.945926962854362, 8.803796118108403, 10.086898959143447, 6.1260983258019595, 5.0526836309267775, 6.035429751945262, 5.132552597481535] ; 0.29828111971989796 ; 0.0026285399484244844 ; 80.0 ; 7.605596201390997
A4 ; CH ; 80 ; 22,5 ; [3.0981243137156946e-06, 3.9285050280163755e-06, 3.4630853024418596e-06, 4.489902433859791e-06, 3.910583263033814e-06, 5.290168361004447e-06, 4.492143376212134e-06, 4.392726669015861e-06] ; [3.507645325743084e-05, 4.101504177436403e-05, 2.5907134655876216e-05, 3.347678882886457e-05, 2.824808310404718e-05, 2.940176888213636e-05, 2.5889703140079516e-05, 3.572285328634053e-05] ; [24.26733189709736, 23.348387809122734, 20.04144190452108, 19.64961936589266, 19.546654503682525, 16.496885149865566, 17.02270694844543, 20.738105172170407] ; 0.20356032521296558 ; 0.00424894569219911 ; 80.0 ; 11.65741971846174
A4 ; CH ; 80 ; 45 ; [7.82306648189542e-06, 9.22215695007076e-06, 9.208749597336485e-06, 1.0846996812938962e-05, 8.891278190729989e-06, 1.225540526642248e-05, 1.1568947799105801e-05, 1.007370015128769e-05] ; [4.416240077004262e-05, 4.935743846497278e-05, 7.584433564532405e-05, 4.695425567836674e-05, 5.13058537350671e-05, 5.294088445296545e-05, 6.055143784641972e-05, 3.262185770651105e-05] ; [17.30797154826964, 16.562213259836792, 21.01070630365887, 13.88143491447302, 17.242686015645447, 13.780967245097367, 16.008055460096447, 11.187823408269253] ; 0.33099870600834985 ; 0.006999841097960043 ; 80.0 ; 11.861820663300797
A4 ; CH ; 80 ; 67,5 ; [1.1792360960445946e-05, 1.3589877130803545e-05, 1.3492286415661467e-05, 1.641521188729518e-05, 1.354646970898647e-05, 1.982980177893933e-05, 1.7630881821173057e-05, 1.581824204047346e-05] ; [4.447804293749536e-05, 5.775973022303861e-05, 4.072118173421683e-05, 4.085203231079974e-05, 4.3267717603621325e-05, 5.658862741666358e-05, 3.6987927465908785e-05, 4.11076989203244e-05] ; [13.275437046672176, 14.201227680190476, 10.841445432690142, 7.7347903002763, 11.092494143803517, 9.1679499407947, 5.993678006686494, 8.844110933185464] ; 0.28914795237868635 ; 0.0068657779110440735 ; 80.0 ; 12.42942467885398
A4 ; CH ; 80 ; 90 ; [8.829831675810964e-06, 1.1562986895923488e-05, 9.851338290030914e-06, 1.3020177062338738e-05, 9.781743065409772e-06, 1.417159619559308e-05, 1.4279614056560355e-05, 1.0862290972872902e-05] ; [4.700509409299292e-05, 5.5701780763083344e-05, 5.816572037657551e-05, 5.601575760461272e-05, 5.397759628975786e-05, 6.580070257470898e-05, 6.486641884722539e-05, 3.3845967526054376e-05] ; [16.72120029122023, 15.485565460823299, 17.652696911212203, 13.814956280334851, 16.78265630116959, 14.564462886932642, 14.505947132771851, 10.779739407427659] ; 0.3485748552058669 ; 0.006269461243895986 ; 80.0 ; 10.887394229534593
