Array 	 Signal 	 Distance 	 Angle 	 Channel 	 Pnoise[W] 	 Psignal[W] 	 SNR_FAC 	 SNR_DB[db]
A4 	 CH 	 10 	 00 	 average 	 1.622341785057499e-05 	 0.0011610189218957986 	 72.45994668309393 	 42.36549150606578
A4 	 CH 	 10 	 00 	 1 	 1.6337308266074633e-05 	 0.0013052694389980677 	 79.89501194076966 	 43.80713422047122
A4 	 CH 	 10 	 00 	 2 	 1.687144065392024e-05 	 0.0009460818262727793 	 56.07593599619178 	 40.267067721295014
A4 	 CH 	 10 	 00 	 3 	 1.714311138556125e-05 	 0.0016163336403459913 	 94.28473069989762 	 45.46319253939962
A4 	 CH 	 10 	 00 	 4 	 1.4220537714777706e-05 	 0.0009938878398791403 	 69.89101676839628 	 42.46937125507357
A4 	 CH 	 10 	 00 	 5 	 1.5949292538443172e-05 	 0.0010636209703888577 	 66.68765826604363 	 42.0001990230817
A4 	 CH 	 10 	 00 	 6 	 1.568684556287968e-05 	 0.0010360351479148445 	 66.0448363415045 	 41.90333849888117
A4 	 CH 	 10 	 00 	 7 	 1.4920300975527175e-05 	 0.0016450278792753332 	 110.25433615404731 	 47.02789843748984
A4 	 CH 	 10 	 22,5 	 average 	 1.3620535964601468e-05 	 0.0008535743871025791 	 62.488304703969845 	 40.36744973162169
A4 	 CH 	 10 	 22,5 	 1 	 1.2911024053251599e-05 	 0.0015240360331952752 	 118.04145255321183 	 47.71035855600616
A4 	 CH 	 10 	 22,5 	 2 	 1.4691618770063574e-05 	 0.0011102510697970284 	 75.57037023444518 	 43.250642782457845
A4 	 CH 	 10 	 22,5 	 3 	 1.4370035067562376e-05 	 0.0013452637237112196 	 93.6158970654078 	 45.39200209504682
A4 	 CH 	 10 	 22,5 	 4 	 1.2881977070777362e-05 	 0.0004384365014759721 	 34.0348767170655 	 35.27385784653469
A4 	 CH 	 10 	 22,5 	 5 	 1.349934056871345e-05 	 0.0006576393902317685 	 48.716408544869 	 38.860159044461454
A4 	 CH 	 10 	 22,5 	 6 	 1.3099352442272559e-05 	 0.0006657078707125168 	 50.81990683480119 	 39.282881446514786
A4 	 CH 	 10 	 22,5 	 7 	 1.3696773888670282e-05 	 0.0006468461149267238 	 47.22616582447805 	 38.54948099678482
A4 	 CH 	 10 	 45 	 average 	 9.468930275138547e-06 	 0.0008988247672014223 	 95.69703921684749 	 44.99828677824437
A4 	 CH 	 10 	 45 	 1 	 8.51509078594568e-06 	 0.0012918230908630973 	 151.70984353981004 	 50.21969772448482
A4 	 CH 	 10 	 45 	 2 	 9.735176318711302e-06 	 0.0011323148335722999 	 116.31169241341391 	 47.562735911299086
A4 	 CH 	 10 	 45 	 3 	 1.0087255103092823e-05 	 0.0011470103348591957 	 113.70886560681055 	 47.33641371391377
A4 	 CH 	 10 	 45 	 4 	 9.84816390627695e-06 	 0.0005738457506850466 	 58.269313564053604 	 40.650756008222274
A4 	 CH 	 10 	 45 	 5 	 8.894097969208163e-06 	 0.0007459151432759819 	 83.86630615700204 	 44.29223937544033
A4 	 CH 	 10 	 45 	 6 	 9.177944830042055e-06 	 0.0005169399508058475 	 56.32415103583476 	 40.311234136052434
A4 	 CH 	 10 	 45 	 7 	 1.0175336024166501e-05 	 0.0006560383126806396 	 64.47338064537068 	 41.66252435443787
A4 	 CH 	 10 	 67,5 	 average 	 1.12322349142228e-05 	 0.0008657336678235184 	 77.07646805568336 	 42.213604784910785
A4 	 CH 	 10 	 67,5 	 1 	 1.1287914841038166e-05 	 0.0018617617198388476 	 164.93406851992322 	 51.055458093175915
A4 	 CH 	 10 	 67,5 	 2 	 1.1667364641029562e-05 	 0.0012082946125165322 	 103.56191391048432 	 46.401696358875746
A4 	 CH 	 10 	 67,5 	 3 	 1.1695263594510576e-05 	 0.000973444654171762 	 83.23409269960099 	 44.21657031919224
A4 	 CH 	 10 	 67,5 	 4 	 1.1668093664921452e-05 	 0.0004890503907806897 	 41.913478313167275 	 37.35607453319329
A4 	 CH 	 10 	 67,5 	 5 	 1.021713719181161e-05 	 0.0008529505489164829 	 83.48234274470434 	 44.2463514535984
A4 	 CH 	 10 	 67,5 	 6 	 1.0906998116129086e-05 	 0.0005553955950584932 	 50.921031538199635 	 39.30276031500504
A4 	 CH 	 10 	 67,5 	 7 	 1.1542824700141256e-05 	 0.00037991854950716344 	 32.91382823326722 	 34.9389288050694
A4 	 CH 	 10 	 90 	 average 	 1.540085752204419e-05 	 0.0009618208566660297 	 63.5035536635383 	 40.102738382029315
A4 	 CH 	 10 	 90 	 1 	 1.5308388786320954e-05 	 0.0011333429032244528 	 74.03410764150233 	 43.04525901090262
A4 	 CH 	 10 	 90 	 2 	 1.5694089773555335e-05 	 0.0017354990429035014 	 110.58296899944023 	 47.05766089884133
A4 	 CH 	 10 	 90 	 3 	 1.5959495690848757e-05 	 0.0010171677975189444 	 63.73433203795987 	 41.54723381878089
A4 	 CH 	 10 	 90 	 4 	 1.5886245689162232e-05 	 0.0007206029731868109 	 45.36018057925506 	 38.14634640435714
A4 	 CH 	 10 	 90 	 5 	 1.3576019801078801e-05 	 0.0015639123723514624 	 115.19667732270014 	 47.46640905160938
A4 	 CH 	 10 	 90 	 6 	 1.5849757980039435e-05 	 0.0006268536550440083 	 39.549730401779215 	 36.77558877547679
A4 	 CH 	 10 	 90 	 7 	 1.6724445697676737e-05 	 0.00033758649946644186 	 20.18521304495834 	 30.049503088669077
A4 	 CH 	 20 	 00 	 average 	 1.3179983516921978e-05 	 0.0007722274243794203 	 58.88329053351444 	 40.37450163484297
A4 	 CH 	 20 	 00 	 1 	 1.1989400015622858e-05 	 0.0008740731903901033 	 72.90383082148708 	 42.89141186625555
A4 	 CH 	 20 	 00 	 2 	 1.344467227946594e-05 	 0.0007767414447958996 	 57.77317800317212 	 40.56524619586532
A4 	 CH 	 20 	 00 	 3 	 1.2523304914754334e-05 	 0.0006700760184988242 	 53.50632465311725 	 39.79799864730061
A4 	 CH 	 20 	 00 	 4 	 1.249567081012484e-05 	 0.0006135722628631946 	 49.10278705213943 	 38.93915795962227
A4 	 CH 	 20 	 00 	 5 	 1.3242878816911024e-05 	 0.0011396476747277263 	 86.05739661926134 	 44.5501447618902
A4 	 CH 	 20 	 00 	 6 	 1.366932223629816e-05 	 0.0006012786272652359 	 43.98744991676122 	 37.83904364068169
A4 	 CH 	 20 	 00 	 7 	 1.3776185073692384e-05 	 0.0010028270239484198 	 72.79424736122796 	 42.87636932317062
A4 	 CH 	 20 	 22,5 	 average 	 1.032135470142979e-05 	 0.0005017170247173979 	 48.289188360570336 	 38.25172731390768
A4 	 CH 	 20 	 22,5 	 1 	 9.799588985309997e-06 	 0.0008371234324922763 	 85.42434113789467 	 44.476310852165014
A4 	 CH 	 20 	 22,5 	 2 	 1.2384633129017074e-05 	 0.0007021008235371976 	 56.691289618598574 	 40.376205766856614
A4 	 CH 	 20 	 22,5 	 3 	 1.0888319752752513e-05 	 0.0004741015992725344 	 43.54221863779156 	 37.737310108194166
A4 	 CH 	 20 	 22,5 	 4 	 9.514478549546518e-06 	 0.00036886845979066404 	 38.76917246381781 	 36.5762540669924
A4 	 CH 	 20 	 22,5 	 5 	 1.0410215143278025e-05 	 0.0005650496228229679 	 54.27838090241831 	 39.941260059001635
A4 	 CH 	 20 	 22,5 	 6 	 9.15306964764045e-06 	 0.00025078252858671727 	 27.398734877032858 	 33.10496839956984
A4 	 CH 	 20 	 22,5 	 7 	 9.448950905737816e-06 	 0.0003991111765397784 	 42.23867607327927 	 37.43336295944667
A4 	 CH 	 20 	 45 	 average 	 9.268969688457479e-06 	 0.0005679820183826995 	 61.53366094432333 	 40.79001509629484
A4 	 CH 	 20 	 45 	 1 	 9.090412122805135e-06 	 0.0008888256964199606 	 97.77617168644773 	 45.82680904067068
A4 	 CH 	 20 	 45 	 2 	 1.0013336790728055e-05 	 0.00048140777671005895 	 48.07665883722428 	 38.72796796074026
A4 	 CH 	 20 	 45 	 3 	 9.502735159601846e-06 	 0.0005752131332731206 	 60.53132320455213 	 41.031609699744614
A4 	 CH 	 20 	 45 	 4 	 8.58930646559192e-06 	 0.0005166865120539317 	 60.15462530342082 	 40.96918335614302
A4 	 CH 	 20 	 45 	 5 	 8.873987189374164e-06 	 0.000554297031295829 	 62.46313178810445 	 41.34576491297649
A4 	 CH 	 20 	 45 	 6 	 8.581772752172753e-06 	 0.000384631784225682 	 44.81961889847293 	 38.02645965402069
A4 	 CH 	 20 	 45 	 7 	 1.0049500285089319e-05 	 0.00039237091692531287 	 39.043823652354426 	 36.646846986637115
A4 	 CH 	 20 	 67,5 	 average 	 1.9067147797043178e-05 	 0.0005056189205595909 	 26.160604498214184 	 32.311630138880346
A4 	 CH 	 20 	 67,5 	 1 	 2.4673377012737414e-05 	 0.0007278627892340142 	 29.499925723919407 	 33.84387745509364
A4 	 CH 	 20 	 67,5 	 2 	 2.084525526501668e-05 	 0.0007571810940290578 	 36.32390605932222 	 35.924760936366546
A4 	 CH 	 20 	 67,5 	 3 	 1.725269963806519e-05 	 0.0005808965528571834 	 33.669893120699356 	 35.16604058849541
A4 	 CH 	 20 	 67,5 	 4 	 1.2490689105277366e-05 	 0.00025361848885600754 	 20.304603430474682 	 30.108476303134395
A4 	 CH 	 20 	 67,5 	 5 	 2.1844986815307427e-05 	 0.000584537116961807 	 26.758410151669423 	 32.86848822122509
A4 	 CH 	 20 	 67,5 	 6 	 1.74523791345949e-05 	 0.0004442766174459455 	 25.45650733459487 	 32.36971401259926
A4 	 CH 	 20 	 67,5 	 7 	 1.7216635912386e-05 	 0.0003750900434887805 	 21.78648868440861 	 30.812899925299785
A4 	 CH 	 20 	 90 	 average 	 1.0621995310628497e-05 	 0.0005361519432810572 	 50.118780282684945 	 38.52356314803373
A4 	 CH 	 20 	 90 	 1 	 9.845165639198209e-06 	 0.0006037795801854345 	 61.32751873483018 	 41.162286612103
A4 	 CH 	 20 	 90 	 2 	 1.1685415596797498e-05 	 0.0009397853107659112 	 80.4237815061938 	 43.87309922325752
A4 	 CH 	 20 	 90 	 3 	 1.0668742252246019e-05 	 0.0007766741450358858 	 72.79903541323044 	 42.87702705296597
A4 	 CH 	 20 	 90 	 4 	 1.0237336193972482e-05 	 0.00027864562341185854 	 27.218567226103108 	 33.03899359030574
A4 	 CH 	 20 	 90 	 5 	 1.0619367072576815e-05 	 0.00041920729699838736 	 39.47573279399463 	 36.75686123465154
A4 	 CH 	 20 	 90 	 6 	 1.012614787583553e-05 	 0.0004461007283456005 	 44.05433673451977 	 37.854237978091454
A4 	 CH 	 20 	 90 	 7 	 1.1046984277060365e-05 	 0.0004421110721577591 	 40.02097414729065 	 36.89403670370848
A4 	 CH 	 40 	 00 	 average 	 1.5866752659420554e-05 	 0.00021107337512290915 	 13.454180100175286 	 25.44873620729494
A4 	 CH 	 40 	 00 	 1 	 1.5322026004795648e-05 	 0.0002729723471497229 	 17.815682277545093 	 28.800790962500823
A4 	 CH 	 40 	 00 	 2 	 1.696905385113082e-05 	 0.00026732139041995255 	 15.753464675470886 	 27.570603204746998
A4 	 CH 	 40 	 00 	 3 	 1.653843187233778e-05 	 0.00018881812960848328 	 11.416930641671108 	 24.35097397671017
A4 	 CH 	 40 	 00 	 4 	 1.3079910918538268e-05 	 0.00027322419185584997 	 20.888841946821444 	 30.392151382645718
A4 	 CH 	 40 	 00 	 5 	 1.7523890511364025e-05 	 0.0002567702441019433 	 14.65258208132669 	 26.846165712177417
A4 	 CH 	 40 	 00 	 6 	 1.576597399935142e-05 	 0.00014972726506255534 	 9.496861092674314 	 22.50961332711215
A4 	 CH 	 40 	 00 	 7 	 1.5967711985816514e-05 	 0.00016793669855982152 	 10.517267515157654 	 23.530184316656268
A4 	 CH 	 40 	 22,5 	 average 	 1.6655011748205235e-05 	 0.0001972630527342242 	 11.840400913104098 	 24.436413497367695
A4 	 CH 	 40 	 22,5 	 1 	 1.6277932332846208e-05 	 0.00019805846505002513 	 12.167298708471439 	 24.987519192125404
A4 	 CH 	 40 	 22,5 	 2 	 1.655482810536854e-05 	 0.000181621224477355 	 10.970891592553434 	 23.952455465134896
A4 	 CH 	 40 	 22,5 	 3 	 1.5960014604448262e-05 	 0.00026325856520289647 	 16.494882475202935 	 28.030501797811365
A4 	 CH 	 40 	 22,5 	 4 	 1.6683408886162907e-05 	 0.00013834814419431076 	 8.292558501581512 	 21.153585465722816
A4 	 CH 	 40 	 22,5 	 5 	 1.6129396907868508e-05 	 0.00019633079825378047 	 12.172234298357624 	 24.99157480810822
A4 	 CH 	 40 	 22,5 	 6 	 1.5818995186440454e-05 	 0.00012977038795710822 	 8.203453280543592 	 21.04555197392719
A4 	 CH 	 40 	 22,5 	 7 	 1.8453239384643484e-05 	 0.0002025133769675298 	 10.974407947910677 	 23.955660119854556
A4 	 CH 	 40 	 45 	 average 	 1.5537439199854244e-05 	 0.00017387417698441386 	 11.193546373740059 	 23.695577174575824
A4 	 CH 	 40 	 45 	 1 	 1.4405262477020984e-05 	 0.0001498010392634577 	 10.399049618319529 	 23.41714419117768
A4 	 CH 	 40 	 45 	 2 	 1.5881151536614402e-05 	 0.0002851228674686543 	 17.953538621635605 	 28.877872332007826
A4 	 CH 	 40 	 45 	 3 	 1.6240943948641373e-05 	 0.00017124323841355676 	 10.543921520514946 	 23.5554953468569
A4 	 CH 	 40 	 45 	 4 	 1.5493696238129123e-05 	 0.00018536526019360304 	 11.963914700833586 	 24.818950110894594
A4 	 CH 	 40 	 45 	 5 	 1.5471308725970713e-05 	 0.0001368159273862618 	 8.843203235715768 	 21.79649167995538
A4 	 CH 	 40 	 45 	 6 	 1.547212558364399e-05 	 0.00010104868693800821 	 6.531015172526105 	 18.76562394072944
A4 	 CH 	 40 	 45 	 7 	 1.6240741047570943e-05 	 0.00013730226160195495 	 8.45418698566656 	 21.346618199111838
A4 	 CH 	 40 	 67,5 	 average 	 1.4587830469633004e-05 	 0.00013575968805845364 	 9.340236123947186 	 21.86043182290718
A4 	 CH 	 40 	 67,5 	 1 	 1.300752148712086e-05 	 0.0001060883931387694 	 8.155926803104705 	 20.98744878064863
A4 	 CH 	 40 	 67,5 	 2 	 1.51960261963592e-05 	 0.00018604914006865511 	 12.243275818597262 	 25.049768735153997
A4 	 CH 	 40 	 67,5 	 3 	 1.551007553990809e-05 	 0.00013964949622864053 	 9.003792139459048 	 21.976458374225114
A4 	 CH 	 40 	 67,5 	 4 	 1.5071085873879568e-05 	 6.360538728586336e-05 	 4.220358626985263 	 14.399201071350252
A4 	 CH 	 40 	 67,5 	 5 	 1.3492075813619077e-05 	 0.00016358502126726917 	 12.124525797738574 	 24.952303265938916
A4 	 CH 	 40 	 67,5 	 6 	 1.5426108734459622e-05 	 0.00012105222104648936 	 7.847229857525688 	 20.601605851243363
A4 	 CH 	 40 	 67,5 	 7 	 1.4589988612885934e-05 	 0.00013081941040357826 	 8.96638194001317 	 21.93482243533641
A4 	 CH 	 40 	 90 	 average 	 1.1190661948854244e-05 	 0.00015231112452313423 	 13.629048972790972 	 25.723824246413443
A4 	 CH 	 40 	 90 	 1 	 1.1054188304113341e-05 	 0.00011066393030165497 	 10.011040816129045 	 23.036885655570988
A4 	 CH 	 40 	 90 	 2 	 1.1787726870608974e-05 	 0.00014868093492897988 	 12.613198164583762 	 25.34743739119651
A4 	 CH 	 40 	 90 	 3 	 1.136533440706666e-05 	 0.0002450903068611192 	 21.5647246339473 	 30.710588608992126
A4 	 CH 	 40 	 90 	 4 	 1.098871120288842e-05 	 0.00014976976379432887 	 13.62942032319144 	 26.12230715324319
A4 	 CH 	 40 	 90 	 5 	 1.0218754794462434e-05 	 0.00014555933374574964 	 14.244331787335632 	 26.563590582736825
A4 	 CH 	 40 	 90 	 6 	 1.0900259662556074e-05 	 0.0001076694877853064 	 9.877699350150918 	 22.902796253473753
A4 	 CH 	 40 	 90 	 7 	 1.2003384484616584e-05 	 0.00011208694352561546 	 9.3379449495486 	 22.34086201216375
A4 	 CH 	 60 	 00 	 average 	 6.217702585748964e-06 	 8.551030273308585e-05 	 13.891129943073762 	 26.138843408966487
A4 	 CH 	 60 	 00 	 1 	 5.549331294395273e-06 	 7.624820139043919e-05 	 13.74007017159861 	 26.20316393884409
A4 	 CH 	 60 	 00 	 2 	 7.57933881921376e-06 	 8.763750621302758e-05 	 11.5626848599069 	 24.477830905945787
A4 	 CH 	 60 	 00 	 3 	 6.0996186521780916e-06 	 0.00010633277392580728 	 17.432692105733082 	 28.58347300028393
A4 	 CH 	 60 	 00 	 4 	 5.8871551719398765e-06 	 9.205051855013797e-05 	 15.635823392065685 	 27.49564652910773
A4 	 CH 	 60 	 00 	 5 	 6.441772127275128e-06 	 7.161698387059143e-05 	 11.117590385937081 	 24.08528573429219
A4 	 CH 	 60 	 00 	 6 	 5.435345623059051e-06 	 9.588235925049005e-05 	 17.640526638033144 	 28.701989048967846
A4 	 CH 	 60 	 00 	 7 	 6.853138128439315e-06 	 9.1741257485866e-05 	 13.386751553300225 	 25.942655278282444
A4 	 CH 	 60 	 22,5 	 average 	 1.4777706676534955e-05 	 5.374275390108738e-05 	 3.647369403390862 	 12.406059881159347
A4 	 CH 	 60 	 22,5 	 1 	 1.4930056225591045e-05 	 7.86393293996905e-05 	 5.267182401155179 	 16.61495570840514
A4 	 CH 	 60 	 22,5 	 2 	 1.6281726481246717e-05 	 3.5080757272385054e-05 	 2.1546091756787003 	 7.676093501149004
A4 	 CH 	 60 	 22,5 	 3 	 1.4427038555786005e-05 	 8.014302616570481e-05 	 5.5550573221115584 	 17.147087420503343
A4 	 CH 	 60 	 22,5 	 4 	 1.3417217131881813e-05 	 3.582531226071094e-05 	 2.670100059391847 	 9.8211594713763
A4 	 CH 	 60 	 22,5 	 5 	 1.414614938084883e-05 	 5.62365052096699e-05 	 3.9753931402564806 	 13.801236464248728
A4 	 CH 	 60 	 22,5 	 6 	 1.3406149897806158e-05 	 3.817808554277228e-05 	 2.8478038686573175 	 10.465481248361
A4 	 CH 	 60 	 22,5 	 7 	 1.5666051822569418e-05 	 6.396156461950438e-05 	 4.082813292329192 	 14.067862832314313
A4 	 CH 	 60 	 45 	 average 	 1.7991972356956661e-06 	 6.529817466618973e-05 	 36.2608997782625 	 35.205456927202704
A4 	 CH 	 60 	 45 	 1 	 1.7822042137384128e-06 	 0.00011824292791568034 	 66.34645289478354 	 41.94890298833456
A4 	 CH 	 60 	 45 	 2 	 1.9857863703959337e-06 	 5.720636033675863e-05 	 28.80791266854783 	 33.60650094841973
A4 	 CH 	 60 	 45 	 3 	 1.9681190320539897e-06 	 6.263936640034676e-05 	 31.827021323488946 	 34.60315656126135
A4 	 CH 	 60 	 45 	 4 	 1.9357726467936735e-06 	 5.341775407864108e-05 	 27.595055735041942 	 33.176366166409
A4 	 CH 	 60 	 45 	 5 	 1.5866710819864186e-06 	 5.3311363575658165e-05 	 33.59950539270904 	 35.14511346405723
A4 	 CH 	 60 	 45 	 6 	 1.5773718689896904e-06 	 2.74471592974434e-05 	 17.400563454338357 	 28.565025881294225
A4 	 CH 	 60 	 45 	 7 	 1.7938410189237602e-06 	 6.329242225452413e-05 	 35.28318373079533 	 35.63406468869633
A4 	 CH 	 60 	 67,5 	 average 	 2.7849489896018755e-05 	 5.7431718815829545e-05 	 2.059396422088669 	 7.029889533770858
A4 	 CH 	 60 	 67,5 	 1 	 2.160922941424653e-05 	 3.9120149632037316e-05 	 1.8103445005885397 	 5.935171589838049
A4 	 CH 	 60 	 67,5 	 2 	 3.1570147687843947e-05 	 6.370432517642904e-05 	 2.0178659221463926 	 7.020404787659389
A4 	 CH 	 60 	 67,5 	 3 	 3.0300859776728614e-05 	 8.015757555309757e-05 	 2.6453894755375704 	 9.728183042007357
A4 	 CH 	 60 	 67,5 	 4 	 2.2955169456260127e-05 	 4.628301736685286e-05 	 2.016235055682892 	 7.012319384932438
A4 	 CH 	 60 	 67,5 	 5 	 2.936215561362222e-05 	 5.742844681922553e-05 	 1.955866169191689 	 6.708331486131799
A4 	 CH 	 60 	 67,5 	 6 	 3.055866577414046e-05 	 3.992884641568464e-05 	 1.306629245883944 	 2.674507263700514
A4 	 CH 	 60 	 67,5 	 7 	 2.63306156366079e-05 	 6.528882677614375e-05 	 2.479578437405451 	 9.080885608106605
A4 	 CH 	 60 	 90 	 average 	 1.2378656943505264e-05 	 6.711242627469911e-05 	 5.43621864448849 	 16.72160838274737
A4 	 CH 	 60 	 90 	 1 	 1.2247528092409938e-05 	 8.542300032941234e-05 	 6.974713565454147 	 19.422912609794928
A4 	 CH 	 60 	 90 	 2 	 1.273713067304376e-05 	 7.520339985752782e-05 	 5.9042653944569015 	 17.75675037923531
A4 	 CH 	 60 	 90 	 3 	 1.256929814158888e-05 	 5.561734308704528e-05 	 4.424856699279051 	 14.872378935917913
A4 	 CH 	 60 	 90 	 4 	 1.1986889293615169e-05 	 7.789525969543689e-05 	 6.498371494673592 	 18.71551606230397
A4 	 CH 	 60 	 90 	 5 	 1.1728989920183462e-05 	 7.328492389121883e-05 	 6.248187132048667 	 18.322913628008855
A4 	 CH 	 60 	 90 	 6 	 1.191805439255093e-05 	 4.41676685904514e-05 	 3.7059462170316366 	 13.099386153540944
A4 	 CH 	 60 	 90 	 7 	 1.3499298332013855e-05 	 6.039564607235075e-05 	 4.473984098056509 	 14.982793087604387
A4 	 CH 	 80 	 00 	 average 	 1.659240358277645e-05 	 3.4328079360549315e-05 	 2.085279962965265 	 7.188443848935631
A4 	 CH 	 80 	 00 	 1 	 1.6182296932016124e-05 	 3.366081183857171e-05 	 2.0801009881344434 	 7.324164445223302
A4 	 CH 	 80 	 00 	 2 	 1.7623166804733644e-05 	 4.3112243491404824e-05 	 2.446339183478915 	 8.945926962854362
A4 	 CH 	 80 	 00 	 3 	 1.6332133591903455e-05 	 3.9390086186035346e-05 	 2.4118150861540046 	 8.803796118108403
A4 	 CH 	 80 	 00 	 4 	 1.4089302384283633e-05 	 3.863295656417419e-05 	 2.7420063471182625 	 10.086898959143447
A4 	 CH 	 80 	 00 	 5 	 1.6345012540133008e-05 	 3.0160485484347062e-05 	 1.845240889861173 	 6.1260983258019595
A4 	 CH 	 80 	 00 	 6 	 1.5918631548380726e-05 	 2.6384021528845777e-05 	 1.6574302538919943 	 5.0526836309267775
A4 	 CH 	 80 	 00 	 7 	 1.7246328038842798e-05 	 3.153639351776473e-05 	 1.828585971850781 	 6.035429751945262
A4 	 CH 	 80 	 22,5 	 average 	 3.3059829045473137e-06 	 2.556133554429782e-05 	 7.739049541179387 	 20.13889159384972
A4 	 CH 	 80 	 22,5 	 1 	 3.0981243137156946e-06 	 3.507645325743084e-05 	 11.321835312464387 	 24.26733189709736
A4 	 CH 	 80 	 22,5 	 2 	 3.4862568867940448e-06 	 3.600534559871365e-05 	 10.327794757495363 	 23.348387809122734
A4 	 CH 	 80 	 22,5 	 3 	 3.2511476676409853e-06 	 2.4122674600518937e-05 	 7.41974129339447 	 20.04144190452108
A4 	 CH 	 80 	 22,5 	 4 	 3.046955668430646e-06 	 2.1738934886584804e-05 	 7.13464101621852 	 19.64961936589266
A4 	 CH 	 80 	 22,5 	 5 	 3.277303596633431e-06 	 2.3142863490985728e-05 	 7.061556187458173 	 19.546654503682525
A4 	 CH 	 80 	 22,5 	 6 	 3.425620649287434e-06 	 1.7831582480575857e-05 	 5.205358183570332 	 16.496885149865566
A4 	 CH 	 80 	 22,5 	 7 	 3.248096028045282e-06 	 1.7820325395264592e-05 	 5.486391178523419 	 17.02270694844543
A4 	 CH 	 80 	 45 	 average 	 8.006795541181585e-06 	 4.0916026157088295e-05 	 5.082607211473048 	 15.872732269418355
A4 	 CH 	 80 	 45 	 1 	 7.82306648189542e-06 	 4.416240077004262e-05 	 5.645152175588145 	 17.30797154826964
A4 	 CH 	 80 	 45 	 2 	 8.183980407049064e-06 	 4.28797617513206e-05 	 5.239475123179328 	 16.562213259836792
A4 	 CH 	 80 	 45 	 3 	 8.64518259315185e-06 	 7.06736548514372e-05 	 8.174917543953352 	 21.01070630365887
A4 	 CH 	 80 	 45 	 4 	 7.361032653046199e-06 	 2.949862701701327e-05 	 4.007403364092664 	 13.88143491447302
A4 	 CH 	 80 	 45 	 5 	 7.45142502618434e-06 	 4.179070282541675e-05 	 5.608417541418459 	 17.242686015645447
A4 	 CH 	 80 	 45 	 6 	 7.935923108895461e-06 	 3.148453287958132e-05 	 3.9673434895418747 	 13.780967245097367
A4 	 CH 	 80 	 45 	 7 	 8.365061007163241e-06 	 4.146580756628436e-05 	 4.957023927354025 	 16.008055460096447
A4 	 CH 	 80 	 67,5 	 average 	 1.2201960034688059e-05 	 3.4655841800988704e-05 	 2.851183257639701 	 10.143891685537408
A4 	 CH 	 80 	 67,5 	 1 	 1.1792360960445946e-05 	 4.447804293749536e-05 	 3.7717674252581017 	 13.275437046672176
A4 	 CH 	 80 	 67,5 	 2 	 1.2060008171065337e-05 	 4.989983204161438e-05 	 4.137628377510992 	 14.201227680190476
A4 	 CH 	 80 	 67,5 	 3 	 1.2666570898641146e-05 	 3.745390038473237e-05 	 2.9569092285861185 	 10.841445432690142
A4 	 CH 	 80 	 67,5 	 4 	 1.113975718743782e-05 	 2.4143120348794823e-05 	 2.1672932311326094 	 7.7347903002763
A4 	 CH 	 80 	 67,5 	 5 	 1.1352755052837064e-05 	 3.442248087653566e-05 	 3.032081703192693 	 11.092494143803517
A4 	 CH 	 80 	 67,5 	 6 	 1.2840683662535359e-05 	 3.211790091709534e-05 	 2.5012609734171853 	 9.1679499407947
A4 	 CH 	 80 	 67,5 	 7 	 1.2748212249310815e-05 	 2.321407664707127e-05 	 1.8209672221551108 	 5.993678006686494
A4 	 CH 	 80 	 90 	 average 	 9.226549398517138e-06 	 4.2260824939624896e-05 	 4.587928481858903 	 15.038403083986541
A4 	 CH 	 80 	 90 	 1 	 8.829831675810964e-06 	 4.700509409299292e-05 	 5.323441693884365 	 16.72120029122023
A4 	 CH 	 80 	 90 	 2 	 1.0261293395410801e-05 	 4.8276043306248605e-05 	 4.704674298450456 	 15.485565460823299
A4 	 CH 	 80 	 90 	 3 	 9.248445448973762e-06 	 5.404003544266225e-05 	 5.843147990742456 	 17.652696911212203
A4 	 CH 	 80 	 90 	 4 	 8.835804984287674e-06 	 3.5174023547101185e-05 	 3.980851049751507 	 13.814956280334851
A4 	 CH 	 80 	 90 	 5 	 8.197688061688605e-06 	 4.390893371846497e-05 	 5.356258177677033 	 16.78265630116959
A4 	 CH 	 80 	 90 	 6 	 9.176742449037925e-06 	 3.93745070343327e-05 	 4.290684548792219 	 14.564462886932642
A4 	 CH 	 80 	 90 	 7 	 1.0325039477756635e-05 	 4.404301084352347e-05 	 4.265650600020067 	 14.505947132771851
A4 	 SX 	 10 	 00 	 average 	 2.519670224477933e-05 	 0.002785303482268753 	 111.23131272706156 	 46.49618973126957
A4 	 SX 	 10 	 00 	 1 	 2.5061157034267862e-05 	 0.004385923610925333 	 175.00882361210037 	 51.648363932930096
A4 	 SX 	 10 	 00 	 2 	 2.454693082189035e-05 	 0.004068533833367639 	 165.74511342735445 	 51.104511470467926
A4 	 SX 	 10 	 00 	 3 	 2.4949076542851753e-05 	 0.003210366803129523 	 128.67677878239292 	 48.57303669281567
A4 	 SX 	 10 	 00 	 4 	 2.3738366722259966e-05 	 0.0024048850591830455 	 101.30794116209917 	 46.181648007003595
A4 	 SX 	 10 	 00 	 5 	 2.5532617109325933e-05 	 0.0027074406615971657 	 106.03850948786044 	 46.63802325190958
A4 	 SX 	 10 	 00 	 6 	 2.3822677810482444e-05 	 0.0018495124441382938 	 77.63663089648436 	 43.52039363444845
A4 	 SX 	 10 	 00 	 7 	 2.5326560089348318e-05 	 0.0016825182044136497 	 66.43295411923202 	 41.96193230344163
A4 	 SX 	 10 	 22,5 	 average 	 5.850173788641329e-06 	 0.0024644460868844496 	 420.7579372768968 	 59.81381023188206
A4 	 SX 	 10 	 22,5 	 1 	 6.0329323167281826e-06 	 0.0034542227451486757 	 572.5611632623107 	 63.50119565114583
A4 	 SX 	 10 	 22,5 	 2 	 5.9883404682055645e-06 	 0.0039363284187812625 	 657.3321005511904 	 64.88189371063488
A4 	 SX 	 10 	 22,5 	 3 	 5.726552829817211e-06 	 0.003167804197948693 	 553.1782019812097 	 63.15680195509582
A4 	 SX 	 10 	 22,5 	 4 	 6.156031646332126e-06 	 0.0018247055943921436 	 296.40939150781264 	 56.917415781689954
A4 	 SX 	 10 	 22,5 	 5 	 5.718314795942301e-06 	 0.0022092351806269274 	 386.34374976952904 	 59.56727516610656
A4 	 SX 	 10 	 22,5 	 6 	 4.77115881959927e-06 	 0.0013734945495950707 	 287.8744140632968 	 56.625243227529225
A4 	 SX 	 10 	 22,5 	 7 	 6.531953375211924e-06 	 0.001508469552122738 	 230.93697481785793 	 54.42144837008874
A4 	 SX 	 10 	 45 	 average 	 1.916297916114795e-05 	 0.002571436226861861 	 136.5526467734719 	 48.531085117373
A4 	 SX 	 10 	 45 	 1 	 1.7333833140637312e-05 	 0.002433644359173922 	 140.39851078689017 	 49.44484884604475
A4 	 SX 	 10 	 45 	 2 	 1.9616507513029947e-05 	 0.003462191283882329 	 176.49376585422368 	 51.732855548103096
A4 	 SX 	 10 	 45 	 3 	 1.9002783892778853e-05 	 0.0037645905626346584 	 198.10731858426388 	 52.88808896910354
A4 	 SX 	 10 	 45 	 4 	 2.0738689297590296e-05 	 0.0018307999952569011 	 88.27944567690825 	 44.805073022218835
A4 	 SX 	 10 	 45 	 5 	 1.627038501073847e-05 	 0.0030640433007864116 	 188.32027015735278 	 52.3814407807632
A4 	 SX 	 10 	 45 	 6 	 1.866735868559574e-05 	 0.0014150836360936323 	 75.80524164811547 	 43.28167441288051
A4 	 SX 	 10 	 45 	 7 	 2.228872585220214e-05 	 0.0018353936112779237 	 82.34627781994034 	 44.10933256087127
A4 	 SX 	 10 	 67,5 	 average 	 1.802178982640969e-05 	 0.002471792068812717 	 136.92427808605905 	 48.65783125377408
A4 	 SX 	 10 	 67,5 	 1 	 1.6523016162793205e-05 	 0.00285848426550822 	 173.00014944880348 	 51.53292458363322
A4 	 SX 	 10 	 67,5 	 2 	 1.9215247317245176e-05 	 0.003926186244408369 	 204.3266047835211 	 53.19719717444621
A4 	 SX 	 10 	 67,5 	 3 	 1.9078671770823683e-05 	 0.0032754772430413997 	 171.68266650776326 	 51.45647810610345
A4 	 SX 	 10 	 67,5 	 4 	 1.680440730266475e-05 	 0.0017689268179180882 	 105.26564763980585 	 46.5648713267408
A4 	 SX 	 10 	 67,5 	 5 	 1.812728627306759e-05 	 0.0024486939367375504 	 135.08331582845193 	 49.0589174236187
A4 	 SX 	 10 	 67,5 	 6 	 1.8344237733224954e-05 	 0.0018501101357262734 	 100.85511115980398 	 46.136849439271366
A4 	 SX 	 10 	 67,5 	 7 	 1.8810730561025505e-05 	 0.0012561423565097683 	 66.77796763047608 	 42.013732002470014
A4 	 SX 	 10 	 90 	 average 	 5.7016780482784e-06 	 0.002387713125459129 	 418.5786380397599 	 60.031073681372646
A4 	 SX 	 10 	 90 	 1 	 5.05224218864855e-06 	 0.0016326570066797124 	 323.1549370986192 	 57.78131889632175
A4 	 SX 	 10 	 90 	 2 	 5.849194666608969e-06 	 0.003919095541554195 	 670.0230997485785 	 65.0731218902737
A4 	 SX 	 10 	 90 	 3 	 5.920495517397094e-06 	 0.0026199456773151283 	 442.52135139981823 	 60.92488715034907
A4 	 SX 	 10 	 90 	 4 	 5.584486131911729e-06 	 0.002137362068121332 	 382.73209345219595 	 59.47335249517057
A4 	 SX 	 10 	 90 	 5 	 5.473677824522301e-06 	 0.0026755643697273655 	 488.80559936149837 	 61.91964863113988
A4 	 SX 	 10 	 90 	 6 	 5.452422580317254e-06 	 0.001834600509601523 	 336.474380438571 	 58.185220107883296
A4 	 SX 	 10 	 90 	 7 	 6.467199780023562e-06 	 0.0018238570539165202 	 282.016501106121 	 56.419655837869165
A4 	 SX 	 20 	 00 	 average 	 9.065135297281986e-06 	 0.000212651049035513 	 23.861790041001072 	 30.358428578785226
A4 	 SX 	 20 	 00 	 1 	 8.384170916864783e-06 	 0.0003437682359048267 	 41.00205486189886 	 37.13622184031313
A4 	 SX 	 20 	 00 	 2 	 9.349758235174935e-06 	 0.00018771743567495288 	 20.07725022971577 	 29.99587344695081
A4 	 SX 	 20 	 00 	 3 	 8.755186478603674e-06 	 0.0001562128019951537 	 17.84231579497635 	 28.81572927862832
A4 	 SX 	 20 	 00 	 4 	 8.325447051059651e-06 	 0.00012087417236150915 	 14.518640455004089 	 26.75433372437371
A4 	 SX 	 20 	 00 	 5 	 8.763276648539183e-06 	 0.0004717581146884429 	 53.833529809547194 	 39.85896503700892
A4 	 SX 	 20 	 00 	 6 	 9.404604565183827e-06 	 0.00013724762565530988 	 14.593662572842813 	 26.80587364125252
A4 	 SX 	 20 	 00 	 7 	 9.577777666255044e-06 	 0.00013757434355719802 	 14.363910747469902 	 26.647188627180974
A4 	 SX 	 20 	 22,5 	 average 	 1.5071577499676825e-05 	 0.0002275186117667516 	 15.281558888956754 	 25.57485609605481
A4 	 SX 	 20 	 22,5 	 1 	 1.4369973712928686e-05 	 0.00023706256649711114 	 16.49707725518145 	 28.031832291664827
A4 	 SX 	 20 	 22,5 	 2 	 1.6691222551042096e-05 	 9.574969774040744e-05 	 5.736529930483099 	 17.468544857947606
A4 	 SX 	 20 	 22,5 	 3 	 1.4162289175661164e-05 	 0.0003932819311786564 	 27.76965830174811 	 33.239439966606554
A4 	 SX 	 20 	 22,5 	 4 	 1.3655810827586175e-05 	 0.00011825798104565831 	 8.659901820459078 	 21.58703385380641
A4 	 SX 	 20 	 22,5 	 5 	 1.361910789843795e-05 	 0.00032529840376348723 	 23.885441409917714 	 31.732691273040977
A4 	 SX 	 20 	 22,5 	 6 	 1.4996698388297433e-05 	 7.010670507989042e-05 	 4.674809298998618 	 15.421883702505983
A4 	 SX 	 20 	 22,5 	 7 	 1.6286273290472066e-05 	 0.00025123507087731074 	 15.426185376877497 	 27.360664146104497
A4 	 SX 	 20 	 45 	 average 	 9.123284331704136e-06 	 0.00021786594666274204 	 23.96777419082923 	 30.25229166458
A4 	 SX 	 20 	 45 	 1 	 7.915521357082599e-06 	 0.0002587180659002464 	 32.6849052929094 	 34.86913359490031
A4 	 SX 	 20 	 45 	 2 	 8.936313187995434e-06 	 0.00018341778093269184 	 20.52499471248227 	 30.216433977249274
A4 	 SX 	 20 	 45 	 3 	 9.75963490134953e-06 	 0.0003803840239424399 	 38.97523091666489 	 36.62926339664323
A4 	 SX 	 20 	 45 	 4 	 1.0157021421372918e-05 	 0.0003172802383142124 	 31.237527730971927 	 34.41620183906877
A4 	 SX 	 20 	 45 	 5 	 8.533854375380513e-06 	 0.0001337413474328973 	 15.67185723472507 	 27.51866571024756
A4 	 SX 	 20 	 45 	 6 	 9.061629412388001e-06 	 0.00015489717714558366 	 17.09374441354072 	 28.38712572809227
A4 	 SX 	 20 	 45 	 7 	 9.950155116717876e-06 	 4.796029474170761e-05 	 4.820054981969729 	 15.72785335045111
A4 	 SX 	 20 	 67,5 	 average 	 1.095603803499905e-05 	 0.00017631382303048636 	 15.967624532805019 	 27.069471615892105
A4 	 SX 	 20 	 67,5 	 1 	 1.016570124360394e-05 	 0.00019364967021577288 	 19.049317462247224 	 29.470312721774185
A4 	 SX 	 20 	 67,5 	 2 	 1.1053784752514315e-05 	 9.545210096726433e-05 	 8.635241512691172 	 21.55851680251079
A4 	 SX 	 20 	 67,5 	 3 	 1.0861824021466448e-05 	 0.00017207809279553405 	 15.842467384433089 	 27.626941434747753
A4 	 SX 	 20 	 67,5 	 4 	 9.94270919974099e-06 	 9.719030807528762e-05 	 9.775032752423199 	 22.798314564973452
A4 	 SX 	 20 	 67,5 	 5 	 1.1257242034635888e-05 	 0.0001166636657935289 	 10.363432307361098 	 23.382834857616857
A4 	 SX 	 20 	 67,5 	 6 	 1.0968243243606708e-05 	 0.00020686948642547375 	 18.86076756604173 	 29.370839744705776
A4 	 SX 	 20 	 67,5 	 7 	 1.1899319690876284e-05 	 0.0002577619727006583 	 21.661908360886834 	 30.755553429959015
A4 	 SX 	 20 	 90 	 average 	 9.421433258071482e-06 	 0.00019697014995503868 	 20.99963439038581 	 30.354040141159103
A4 	 SX 	 20 	 90 	 1 	 9.568814388818007e-06 	 0.0001702647571551443 	 17.793715107914885 	 28.788453111242625
A4 	 SX 	 20 	 90 	 2 	 1.023729117051032e-05 	 0.00019139984027976463 	 18.696336471420643 	 29.283275940483318
A4 	 SX 	 20 	 90 	 3 	 9.69814510054363e-06 	 0.00018231706347294612 	 18.799168457762747 	 29.33812637887619
A4 	 SX 	 20 	 90 	 4 	 8.41460337986442e-06 	 0.0001657576624510214 	 19.698808721949792 	 29.80558162948485
A4 	 SX 	 20 	 90 	 5 	 8.574179084062654e-06 	 0.00021061965049469443 	 24.56441000703915 	 32.012986477070726
A4 	 SX 	 20 	 90 	 6 	 9.106615339846638e-06 	 0.00021784774570021104 	 23.921922423471962 	 31.74795294727272
A4 	 SX 	 20 	 90 	 7 	 1.0298665996311448e-05 	 0.00019691331300355523 	 19.120273739733026 	 29.507492244524126
A4 	 SX 	 40 	 00 	 average 	 1.1759181178704769e-05 	 0.00021393731923883386 	 18.502562804437847 	 28.734757407989775
A4 	 SX 	 40 	 00 	 1 	 1.1036682835886032e-05 	 0.000319914073066545 	 28.98643349850889 	 33.66827910132807
A4 	 SX 	 40 	 00 	 2 	 1.3612622685376568e-05 	 0.00018891170042222802 	 13.877685791230181 	 26.30282211439251
A4 	 SX 	 40 	 00 	 3 	 1.1486458599052916e-05 	 0.0002260619583579637 	 19.680735921217966 	 29.79640285295787
A4 	 SX 	 40 	 00 	 4 	 1.0400425237389606e-05 	 0.00020769097352133777 	 19.969469399644083 	 29.942045772021338
A4 	 SX 	 40 	 00 	 5 	 1.1328454459157768e-05 	 0.00024917082376494824 	 21.995129579527237 	 30.908210461007762
A4 	 SX 	 40 	 00 	 6 	 1.1314131351845171e-05 	 0.00021049646241426133 	 18.604739141545533 	 29.23416340821256
A4 	 SX 	 40 	 00 	 7 	 1.2599910156218099e-05 	 0.0001253345864489005 	 9.947260329237146 	 22.972971694611772
A4 	 SX 	 40 	 22,5 	 average 	 8.045331930372106e-06 	 0.00015904577797590442 	 19.791800734113778 	 29.620564093756997
A4 	 SX 	 40 	 22,5 	 1 	 7.68868286993971e-06 	 0.00020237674617664534 	 26.321380345634186 	 32.703815498248794
A4 	 SX 	 40 	 22,5 	 2 	 8.182227577783243e-06 	 0.00021847012886496564 	 26.70056861510008 	 32.846848616251336
A4 	 SX 	 40 	 22,5 	 3 	 8.08408829393338e-06 	 0.00016347314974425172 	 20.221593802597187 	 30.06751033561973
A4 	 SX 	 40 	 22,5 	 4 	 7.640191474462187e-06 	 0.00011684713770911516 	 15.293744679002346 	 27.274439002890357
A4 	 SX 	 40 	 22,5 	 5 	 8.177425317180676e-06 	 0.00011486285149135748 	 14.046334516810806 	 26.423614732592178
A4 	 SX 	 40 	 22,5 	 6 	 7.336274905713939e-06 	 0.00013828746163680323 	 18.849820026386485 	 29.365033661766358
A4 	 SX 	 40 	 22,5 	 7 	 8.443409264204771e-06 	 0.0001624930864279974 	 19.244961524828035 	 29.572492875041988
A4 	 SX 	 40 	 45 	 average 	 8.230548182438964e-06 	 0.00018587537820509146 	 22.66969817955699 	 30.6669318529113
A4 	 SX 	 40 	 45 	 1 	 7.803157385302337e-06 	 0.0002387334817443513 	 30.594472206086543 	 34.20819345779809
A4 	 SX 	 40 	 45 	 2 	 8.907583772742479e-06 	 0.00017297588478437585 	 19.418945608312793 	 29.662491672755436
A4 	 SX 	 40 	 45 	 3 	 8.199041176598929e-06 	 0.0002904041951107568 	 35.41928731125367 	 35.672565110696375
A4 	 SX 	 40 	 45 	 4 	 8.163764735749548e-06 	 0.0002036338294265638 	 24.943618050976006 	 32.16617999937763
A4 	 SX 	 40 	 45 	 5 	 8.235935492407746e-06 	 0.0001475553714088833 	 17.916042633518252 	 28.856965479759715
A4 	 SX 	 40 	 45 	 6 	 7.917448250248476e-06 	 0.00011002699661448212 	 13.896774962947072 	 26.316567961623576
A4 	 SX 	 40 	 45 	 7 	 8.452110787713638e-06 	 0.0001134578402846283 	 13.42361016487806 	 25.970151091421265
A4 	 SX 	 40 	 67,5 	 average 	 1.2362958427029799e-05 	 0.00015450537417893156 	 12.484580506411577 	 24.85707541557006
A4 	 SX 	 40 	 67,5 	 1 	 1.0826278306810024e-05 	 0.00012962100502088308 	 11.972812941576418 	 24.826384912581474
A4 	 SX 	 40 	 67,5 	 2 	 1.288249569529149e-05 	 0.00015001015097956217 	 11.64449455507215 	 24.548334979350635
A4 	 SX 	 40 	 67,5 	 3 	 1.1870766773313292e-05 	 0.00015467085020085114 	 13.029558507422381 	 25.67220507786233
A4 	 SX 	 40 	 67,5 	 4 	 1.2634360284814213e-05 	 7.94355092598277e-05 	 6.287260096208012 	 18.385253790252293
A4 	 SX 	 40 	 67,5 	 5 	 1.1885187946827352e-05 	 0.00015697736445166577 	 13.207815068130202 	 25.80808705015429
A4 	 SX 	 40 	 67,5 	 6 	 1.2402249151024918e-05 	 0.00013102365754096842 	 10.56450777157147 	 23.57500059501956
A4 	 SX 	 40 	 67,5 	 7 	 1.4155589630592153e-05 	 0.00020821781864819927 	 14.70922964580806 	 26.88475163820406
A4 	 SX 	 40 	 90 	 average 	 7.592766570779918e-06 	 0.00018544251111856605 	 24.46126630040706 	 31.386101736244054
A4 	 SX 	 40 	 90 	 1 	 7.328651111456161e-06 	 0.00014533115933562524 	 19.8305468667274 	 29.87223519898667
A4 	 SX 	 40 	 90 	 2 	 7.912015826735116e-06 	 0.00014878969304649528 	 18.805535315504184 	 29.341512581751587
A4 	 SX 	 40 	 90 	 3 	 8.163471620443702e-06 	 0.00014199315201567444 	 17.39372152162352 	 28.561093090143178
A4 	 SX 	 40 	 90 	 4 	 7.111710223454652e-06 	 0.00017858694417323233 	 25.111673361527973 	 32.23332812188729
A4 	 SX 	 40 	 90 	 5 	 7.242188150220407e-06 	 0.00024837635473379184 	 34.29576111278369 	 35.35021763817244
A4 	 SX 	 40 	 90 	 6 	 7.324161067202531e-06 	 0.00010353847775707293 	 14.1365648307103 	 26.487646911171517
A4 	 SX 	 40 	 90 	 7 	 7.87375460457488e-06 	 0.0001915678477942992 	 24.329923577119448 	 31.917070156938866
A4 	 SX 	 60 	 00 	 average 	 1.1170087005634193e-05 	 0.00013516424281774688 	 12.129805157966832 	 24.677153731924612
A4 	 SX 	 60 	 00 	 1 	 1.0611847108280885e-05 	 0.0001719779610098312 	 16.206223031203432 	 27.85395306204937
A4 	 SX 	 60 	 00 	 2 	 1.1694870468754457e-05 	 0.00016098515090965006 	 13.765449676399495 	 26.221618061611977
A4 	 SX 	 60 	 00 	 3 	 1.0177249010636618e-05 	 8.645312578054018e-05 	 8.494744079680553 	 21.394476286760494
A4 	 SX 	 60 	 00 	 4 	 1.116940936093547e-05 	 0.00013646851956623034 	 12.218060521939783 	 25.02915227721591
A4 	 SX 	 60 	 00 	 5 	 1.0755641377801416e-05 	 0.00016990035951414356 	 15.796394984384769 	 27.597817484539352
A4 	 SX 	 60 	 00 	 6 	 1.1501739148933502e-05 	 0.00010162735886691258 	 8.835825395704264 	 21.788145248040344
A4 	 SX 	 60 	 00 	 7 	 1.2002413884724088e-05 	 0.0001133699448716029 	 9.445595357771566 	 22.455485331407058
A4 	 SX 	 60 	 22,5 	 average 	 1.20970204774793e-05 	 8.305886420255634e-05 	 6.824819804954512 	 18.878957361782657
A4 	 SX 	 60 	 22,5 	 1 	 1.2916787516950829e-05 	 7.166728822780141e-05 	 5.548383306124043 	 17.135065891295
A4 	 SX 	 60 	 22,5 	 2 	 1.2539483146112422e-05 	 9.15370864323991e-05 	 7.299909044558831 	 19.87861888427248
A4 	 SX 	 60 	 22,5 	 3 	 1.2681098847118109e-05 	 0.00011081818270919911 	 8.73884700728309 	 21.67778259601565
A4 	 SX 	 60 	 22,5 	 4 	 1.0727919757454009e-05 	 4.119017753933697e-05 	 3.839530726422247 	 13.4535015247092
A4 	 SX 	 60 	 22,5 	 5 	 1.1212029406161788e-05 	 8.691668520847112e-05 	 7.752092155654209 	 20.479627625020925
A4 	 SX 	 60 	 22,5 	 6 	 1.1935285923508172e-05 	 8.676680273878734e-05 	 7.2697716078915455 	 19.83724875356146
A4 	 SX 	 60 	 22,5 	 7 	 1.2269217707405166e-05 	 6.651975513820981e-05 	 5.421678604501523 	 16.90405473130254
A4 	 SX 	 60 	 45 	 average 	 2.105498078533044e-05 	 0.00010245000417057993 	 4.79765918843958 	 15.329425751215243
A4 	 SX 	 60 	 45 	 1 	 2.1435483987102027e-05 	 0.00015458319854395593 	 7.211556251166075 	 19.756847742143034
A4 	 SX 	 60 	 45 	 2 	 2.416963673109771e-05 	 0.00013032057866075217 	 5.391913006829599 	 16.849002397316358
A4 	 SX 	 60 	 45 	 3 	 2.3610914705845795e-05 	 0.00012342744407371306 	 5.227558763030634 	 16.539443933919774
A4 	 SX 	 60 	 45 	 4 	 1.9151041997090284e-05 	 7.492988494000374e-05 	 3.9125748328152703 	 13.641956822815127
A4 	 SX 	 60 	 45 	 5 	 2.1575541412927284e-05 	 8.161008033270877e-05 	 3.7825275746642895 	 13.303924567170638
A4 	 SX 	 60 	 45 	 6 	 2.0060615744243832e-05 	 7.055208051708645e-05 	 3.5169449141824356 	 12.57592690640277
A4 	 SX 	 60 	 45 	 7 	 1.7451514144655787e-05 	 5.820935624403759e-05 	 3.3354903053992686 	 12.04619686672209
A4 	 SX 	 60 	 67,5 	 average 	 1.2934368526743153e-05 	 7.482402808619472e-05 	 5.70968206712131 	 16.648913414153036
A4 	 SX 	 60 	 67,5 	 1 	 1.2337704115433092e-05 	 6.97337389235302e-05 	 5.652083910514685 	 17.32024310875327
A4 	 SX 	 60 	 67,5 	 2 	 1.3071437697709713e-05 	 0.00010922261931674085 	 8.35582296627387 	 21.22958657049811
A4 	 SX 	 60 	 67,5 	 3 	 1.3244398318388303e-05 	 8.974423505201149e-05 	 6.776014500214184 	 19.133890972846217
A4 	 SX 	 60 	 67,5 	 4 	 1.2053251008699633e-05 	 3.0312188841954183e-05 	 2.5148558525891365 	 9.22215486835229
A4 	 SX 	 60 	 67,5 	 5 	 1.240856737284913e-05 	 5.6187812999478085e-05 	 4.528146667633945 	 15.1031273163821
A4 	 SX 	 60 	 67,5 	 6 	 1.2609594633747002e-05 	 3.8772592162889735e-05 	 3.0748484220993766 	 11.232556064172915
A4 	 SX 	 60 	 67,5 	 7 	 1.4264102826820268e-05 	 9.816751690809735e-05 	 6.882137495778324 	 19.28929286219349
A4 	 SX 	 60 	 90 	 average 	 7.902495688983947e-06 	 9.75168936732489e-05 	 12.166904431409918 	 24.58225211296234
A4 	 SX 	 60 	 90 	 1 	 7.44226178392088e-06 	 5.547946484749898e-05 	 7.454651080315827 	 20.088381436761583
A4 	 SX 	 60 	 90 	 2 	 8.065414604236676e-06 	 9.895188050740888e-05 	 12.268666319451267 	 25.07048558393904
A4 	 SX 	 60 	 90 	 3 	 7.970107314649339e-06 	 9.184387159265749e-05 	 11.523542653415124 	 24.443921299903877
A4 	 SX 	 60 	 90 	 4 	 7.5516387619229755e-06 	 7.16384046930613e-05 	 9.486471341065451 	 22.49866714294503
A4 	 SX 	 60 	 90 	 5 	 7.272838334966934e-06 	 6.217072694675999e-05 	 8.548344412916562 	 21.457376282826228
A4 	 SX 	 60 	 90 	 6 	 8.102681873376181e-06 	 0.00011596091860075785 	 14.311424342325795 	 26.61058123368829
A4 	 SX 	 60 	 90 	 7 	 8.654249403310542e-06 	 0.00015306510187783356 	 17.686698723898683 	 28.72812872548248
A4 	 SX 	 80 	 00 	 average 	 4.105941751325333e-06 	 4.970802680304275e-05 	 12.167543267174924 	 24.153940782809983
A4 	 SX 	 80 	 00 	 1 	 4.116245259398786e-06 	 6.426922905397562e-05 	 15.61355677415653 	 27.48139560857162
A4 	 SX 	 80 	 00 	 2 	 4.5783341912005705e-06 	 6.201689924475088e-05 	 13.545734464719859 	 26.060716981142274
A4 	 SX 	 80 	 00 	 3 	 3.82252713045262e-06 	 3.670081542024819e-05 	 9.601191611660974 	 22.61887216985454
A4 	 SX 	 80 	 00 	 4 	 3.9800820147541435e-06 	 5.286752401199791e-05 	 13.283023770871623 	 25.864868117197673
A4 	 SX 	 80 	 00 	 5 	 3.840448963485737e-06 	 8.908285275469478e-05 	 23.195947557610502 	 31.439775891740158
A4 	 SX 	 80 	 00 	 6 	 3.8120508201941046e-06 	 2.476596890543699e-05 	 6.496757276750035 	 18.71303171919317
A4 	 SX 	 80 	 00 	 7 	 4.457208978145956e-06 	 3.6828321578650705e-05 	 8.262641881774636 	 21.117443768033986
A4 	 SX 	 80 	 22,5 	 average 	 1.1267416198568425e-05 	 3.6021324803081755e-05 	 3.221141223191793 	 11.062148333076266
A4 	 SX 	 80 	 22,5 	 1 	 9.91509600567823e-06 	 4.1580356980949634e-05 	 4.19364138855914 	 14.33569422996319
A4 	 SX 	 80 	 22,5 	 2 	 1.1756523390008216e-05 	 2.4657251700777054e-05 	 2.097325109031219 	 7.40662775206447
A4 	 SX 	 80 	 22,5 	 3 	 1.0891183229073796e-05 	 3.539766476278666e-05 	 3.250121131769531 	 11.786922669607897
A4 	 SX 	 80 	 22,5 	 4 	 1.0551886838482697e-05 	 1.7363025114361294e-05 	 1.6454900796546073 	 4.980382606104362
A4 	 SX 	 80 	 22,5 	 5 	 1.1019755427630273e-05 	 5.84821201210526e-05 	 5.307025233465531 	 16.69031458585826
A4 	 SX 	 80 	 22,5 	 6 	 1.2242000693033617e-05 	 3.2071984980056677e-05 	 2.61983198533124 	 9.631101879805664
A4 	 SX 	 80 	 22,5 	 7 	 1.152287104620497e-05 	 4.575452525766064e-05 	 3.9707573810547663 	 13.789568525879801
A4 	 SX 	 80 	 45 	 average 	 6.487274710690199e-06 	 4.8722940144724154e-05 	 7.5010070889661264 	 19.645563693828905
A4 	 SX 	 80 	 45 	 1 	 5.790732841390193e-06 	 4.1116968368543383e-05 	 7.100477520678083 	 19.6016203821919
A4 	 SX 	 80 	 45 	 2 	 6.7314744177201225e-06 	 6.029196919320672e-05 	 8.95672559261199 	 21.92404712941592
A4 	 SX 	 80 	 45 	 3 	 6.902919167642481e-06 	 6.761891410251292e-05 	 9.795698379241847 	 22.819433484200836
A4 	 SX 	 80 	 45 	 4 	 6.734646122200237e-06 	 4.664855252933823e-05 	 6.926652370874382 	 19.35376633123226
A4 	 SX 	 80 	 45 	 5 	 6.273311333077064e-06 	 2.4660790423931373e-05 	 3.9310643318311507 	 13.689102115643106
A4 	 SX 	 80 	 45 	 6 	 5.94063350156427e-06 	 4.0803220138829605e-05 	 6.868496453801673 	 19.269452254841866
A4 	 SX 	 80 	 45 	 7 	 7.149386545568216e-06 	 3.6075610788056426e-05 	 5.045972903845727 	 16.185904803760153
A4 	 SX 	 80 	 67,5 	 average 	 1.0740701832936222e-05 	 6.348216144446862e-05 	 5.93251084332811 	 17.70757170379436
A4 	 SX 	 80 	 67,5 	 1 	 1.0454895456614845e-05 	 7.055605292033506e-05 	 6.748613911360923 	 19.09337137332918
A4 	 SX 	 80 	 67,5 	 2 	 1.0137989998890215e-05 	 6.225330740739318e-05 	 6.140596648271296 	 18.149219114235184
A4 	 SX 	 80 	 67,5 	 3 	 1.0562231897735279e-05 	 6.621960029930726e-05 	 6.269470405540505 	 18.356918862513993
A4 	 SX 	 80 	 67,5 	 4 	 9.720081819620005e-06 	 5.0111926460519475e-05 	 5.155504592499257 	 16.400649967715573
A4 	 SX 	 80 	 67,5 	 5 	 1.0581921470674818e-05 	 6.704551409074547e-05 	 6.335854435940161 	 18.462246801226094
A4 	 SX 	 80 	 67,5 	 6 	 1.0936107532538046e-05 	 7.638521713946016e-05 	 6.984680510153389 	 19.43719252243145
A4 	 SX 	 80 	 67,5 	 7 	 1.2143641745433053e-05 	 5.4486304551092054e-05 	 4.486817520912383 	 15.011436577720314
A4 	 SX 	 80 	 90 	 average 	 1.1816945522281083e-05 	 3.526346943161643e-05 	 2.9839926339888194 	 10.312826451485133
A4 	 SX 	 80 	 90 	 1 	 1.2345610783454119e-05 	 1.4951414687368557e-05 	 1.211071282711002 	 1.915053255231752
A4 	 SX 	 80 	 90 	 2 	 1.2759791722639552e-05 	 4.904761650777846e-05 	 3.8439198361485665 	 13.464926366108232
A4 	 SX 	 80 	 90 	 3 	 1.1876151605640345e-05 	 3.0150720577778775e-05 	 2.538761846342487 	 9.316765001122992
A4 	 SX 	 80 	 90 	 4 	 1.0681091118177853e-05 	 3.779080217027515e-05 	 3.5381031537087093 	 12.63590751250586
A4 	 SX 	 80 	 90 	 5 	 1.1602775282880185e-05 	 2.4705741243168768e-05 	 2.1292958486942273 	 7.5579133759775186
A4 	 SX 	 80 	 90 	 6 	 1.1282213858940308e-05 	 3.622459763211288e-05 	 3.2107703403802796 	 11.665108897778664
A4 	 SX 	 80 	 90 	 7 	 1.2435106737197716e-05 	 5.279352518642845e-05 	 4.245522479393339 	 14.458648933186227
A5 	 CH 	 10 	 00 	 average 	 7.416390598272183e-06 	 0.00044796494955199803 	 61.68989052386647 	 40.81352939045388
A5 	 CH 	 10 	 00 	 1 	 7.5702121553655075e-06 	 0.0007225561775458302 	 95.44728241647853 	 45.585740784880606
A5 	 CH 	 10 	 00 	 2 	 9.483884346210479e-06 	 0.0007634570590824861 	 80.50046069863181 	 43.88262907372513
A5 	 CH 	 10 	 00 	 3 	 8.523775507505573e-06 	 0.00045383575406041923 	 53.24351323668674 	 39.748759800178
A5 	 CH 	 10 	 00 	 4 	 8.119898441240018e-06 	 0.00036899277435048955 	 45.44302826208001 	 38.16459415283893
A5 	 CH 	 10 	 00 	 5 	 7.888609180875555e-06 	 0.00048087285833694696 	 60.95787575618938 	 41.10183064252034
A5 	 CH 	 10 	 00 	 6 	 8.37393372973782e-06 	 0.0003398453003634412 	 40.58371027663738 	 37.0336676138215
A5 	 CH 	 10 	 00 	 7 	 8.578906090099382e-06 	 0.00039797100170931444 	 46.38948107481896 	 38.3707273255793
A5 	 CH 	 10 	 10 	 average 	 1.4915125352222463e-05 	 0.0005734886203068748 	 40.223410758629505 	 36.17483593631129
A5 	 CH 	 10 	 10 	 1 	 1.68132011845407e-05 	 0.001359182768883802 	 80.8402132327742 	 43.92474530245625
A5 	 CH 	 10 	 10 	 2 	 1.9801525581119762e-05 	 0.0006194787568461581 	 31.284395452682443 	 34.43119425392192
A5 	 CH 	 10 	 10 	 3 	 1.850190651703227e-05 	 0.000515982805657804 	 27.88808846173807 	 33.28199660808566
A5 	 CH 	 10 	 10 	 4 	 1.666117858280218e-05 	 0.00045689179277555274 	 27.422537397634077 	 33.11365208059704
A5 	 CH 	 10 	 10 	 5 	 1.5448393660942303e-05 	 0.0006778724553381523 	 43.87980201799209 	 37.814541235005905
A5 	 CH 	 10 	 10 	 6 	 1.5428283513930718e-05 	 0.0004049360038545545 	 26.246341888190226 	 32.67526622686221
A5 	 CH 	 10 	 10 	 7 	 1.5353493648541024e-05 	 0.0004843995834609591 	 31.549795411351834 	 34.51567104381469
A5 	 CH 	 10 	 25 	 average 	 8.32185965532932e-06 	 0.000947433399563234 	 114.67683038549133 	 46.61212448007903
A5 	 CH 	 10 	 25 	 1 	 8.559655147649783e-06 	 0.0013565352213331847 	 158.48012541786187 	 50.65629193769727
A5 	 CH 	 10 	 25 	 2 	 9.770052595401756e-06 	 0.0011801495570739182 	 120.7925490216247 	 47.94074603313844
A5 	 CH 	 10 	 25 	 3 	 1.071615905170456e-05 	 0.0007376165370996485 	 68.83217517962463 	 42.316712981138195
A5 	 CH 	 10 	 25 	 4 	 9.871984883272033e-06 	 0.0005272574904632277 	 53.40947101293273 	 39.77988090032508
A5 	 CH 	 10 	 25 	 5 	 9.613739540611085e-06 	 0.0011305239590199288 	 117.59461073854602 	 47.67243207361255
A5 	 CH 	 10 	 25 	 6 	 8.904635268967223e-06 	 0.0008429954359973721 	 94.6692829671781 	 45.503895860884356
A5 	 CH 	 10 	 25 	 7 	 8.335536119478736e-06 	 0.001726919913020616 	 207.17562593065813 	 53.33566867995937
A5 	 CH 	 20 	 00 	 average 	 6.631516996371396e-06 	 0.00023808498300535548 	 35.056087818957764 	 35.17933932376255
A5 	 CH 	 20 	 00 	 1 	 7.432988673070622e-06 	 0.00025701342352588163 	 34.57740013206659 	 35.43200293277911
A5 	 CH 	 20 	 00 	 2 	 8.10769351473426e-06 	 0.0003511669975370921 	 43.31281108479371 	 37.68448459257228
A5 	 CH 	 20 	 00 	 3 	 8.092902397050928e-06 	 0.00043282903729795544 	 53.48254755372798 	 39.79355386733607
A5 	 CH 	 20 	 00 	 4 	 7.457671191809408e-06 	 0.00013731803455928871 	 18.41299127133709 	 29.13056462836043
A5 	 CH 	 20 	 00 	 5 	 7.326458646296386e-06 	 0.00022975221189833263 	 31.359245030950273 	 34.455091209242504
A5 	 CH 	 20 	 00 	 6 	 6.526488628502989e-06 	 0.00020963439006546508 	 32.120547816468026 	 34.694959442403444
A5 	 CH 	 20 	 00 	 7 	 7.434605173778182e-06 	 0.0002658023264668742 	 35.75204335051413 	 35.76607424164375
A5 	 CH 	 20 	 10 	 average 	 1.2135978506211713e-05 	 0.00042518282896083126 	 34.83561761133965 	 35.14638597988588
A5 	 CH 	 20 	 10 	 1 	 1.3276974089082058e-05 	 0.0006416047149826631 	 48.32461904932604 	 38.77941141966086
A5 	 CH 	 20 	 10 	 2 	 1.534598797279775e-05 	 0.0004600121140105211 	 29.97605073234367 	 34.00398753922022
A5 	 CH 	 20 	 10 	 3 	 1.4868378292739867e-05 	 0.0006834220091822171 	 45.96479829383462 	 38.27875849050561
A5 	 CH 	 20 	 10 	 4 	 1.3317796443712149e-05 	 0.0003279549715907858 	 24.625317932804577 	 32.037750979516424
A5 	 CH 	 20 	 10 	 5 	 1.344322820139765e-05 	 0.00036521243434126224 	 27.16701887893953 	 33.02003696363604
A5 	 CH 	 20 	 10 	 6 	 1.2508123554556224e-05 	 0.00030007965981630297 	 23.990781551481845 	 31.776696545402796
A5 	 CH 	 20 	 10 	 7 	 1.3218239998388655e-05 	 0.0005850509037700244 	 44.26087768427143 	 37.90101164617689
A5 	 CH 	 20 	 25 	 average 	 9.874444143996775e-06 	 0.0005316044598118427 	 52.78891270000826 	 39.47064125818525
A5 	 CH 	 20 	 25 	 1 	 1.0975854961805973e-05 	 0.0005924889762752527 	 53.981122959168935 	 39.886344106185454
A5 	 CH 	 20 	 25 	 2 	 1.118797792232349e-05 	 0.000533298023089315 	 47.6670607317896 	 38.64240608658106
A5 	 CH 	 20 	 25 	 3 	 1.1551139276539922e-05 	 0.0005078620905351504 	 43.966406981742985 	 37.83425864633084
A5 	 CH 	 20 	 25 	 4 	 1.2187887367097073e-05 	 0.0005777653017679927 	 47.4048770197657 	 38.587251141205016
A5 	 CH 	 20 	 25 	 5 	 1.0669820021342247e-05 	 0.0005725382056011196 	 53.659593550397595 	 39.82660270432779
A5 	 CH 	 20 	 25 	 6 	 1.0119973628430168e-05 	 0.0005119812630180267 	 50.591165729889966 	 39.23776970732376
A5 	 CH 	 20 	 25 	 7 	 1.1114920917826959e-05 	 0.0009050933451017625 	 81.43047996410886 	 43.99749649654336
A5 	 CH 	 40 	 00 	 average 	 1.252969687808849e-05 	 0.00010453287865890577 	 8.345751260858885 	 21.034426907992184
A5 	 CH 	 40 	 00 	 1 	 1.4024492893915561e-05 	 0.00017719928707792546 	 12.634987119912354 	 25.3646972144212
A5 	 CH 	 40 	 00 	 2 	 1.563201820553144e-05 	 0.00013806971573870533 	 8.83249455849846 	 21.784374841738106
A5 	 CH 	 40 	 00 	 3 	 1.4861910215844757e-05 	 0.00011250844475697165 	 7.57025463907209 	 20.242267048059517
A5 	 CH 	 40 	 00 	 4 	 1.3940554376384395e-05 	 9.501410634901435e-05 	 6.815661973240485 	 19.192231951693717
A5 	 CH 	 40 	 00 	 5 	 1.35217343420057e-05 	 9.708505498601751e-05 	 7.179926223252271 	 19.712891076942874
A5 	 CH 	 40 	 00 	 6 	 1.331864347981615e-05 	 0.00010733078414317467 	 8.058687381025702 	 20.867506873039204
A5 	 CH 	 40 	 00 	 7 	 1.3789610300984931e-05 	 9.932567911070815e-05 	 7.202935901938705 	 19.744887070669517
A5 	 CH 	 40 	 10 	 average 	 5.24573118794573e-06 	 0.00016396769336309139 	 30.760358246558727 	 33.73661265477114
A5 	 CH 	 40 	 10 	 1 	 6.104862508599242e-06 	 0.00031397206166146644 	 51.429833385962255 	 39.402184201541665
A5 	 CH 	 40 	 10 	 2 	 6.717824497482145e-06 	 0.00013899752257421103 	 20.690853508648164 	 30.29691743137059
A5 	 CH 	 40 	 10 	 3 	 6.440519972173145e-06 	 0.00017129229426910382 	 26.59603494891528 	 32.80762142605945
A5 	 CH 	 40 	 10 	 4 	 5.759610501354686e-06 	 0.00013915686413250113 	 24.1608115860909 	 31.84731964641935
A5 	 CH 	 40 	 10 	 5 	 5.2646468502329475e-06 	 0.00016747829921053535 	 31.81187722081014 	 34.59839717563052
A5 	 CH 	 40 	 10 	 6 	 5.5476562649112414e-06 	 0.00011756630209181697 	 21.19206678961353 	 30.536269036075694
A5 	 CH 	 40 	 10 	 7 	 5.596979227999193e-06 	 0.00024961222571336013 	 44.59766876829941 	 37.97681587890835
A5 	 CH 	 40 	 25 	 average 	 1.3409129097066424e-05 	 0.00015532191479515435 	 12.069006387568354 	 24.416146745614512
A5 	 CH 	 40 	 25 	 1 	 1.3841438332436054e-05 	 0.00029208345996861496 	 21.10210318852095 	 30.49372712695668
A5 	 CH 	 40 	 25 	 2 	 1.576684823885609e-05 	 0.0001644961003241533 	 10.433036319761504 	 23.44977340718295
A5 	 CH 	 40 	 25 	 3 	 1.7025911663478593e-05 	 0.00012526614498993736 	 7.357382527635175 	 19.957042346555436
A5 	 CH 	 40 	 25 	 4 	 1.4878817743512345e-05 	 0.0001612149462724692 	 10.83519867314486 	 23.82799971058781
A5 	 CH 	 40 	 25 	 5 	 1.4572633859799154e-05 	 0.00019396673216225702 	 13.310341426840075 	 25.885412839818535
A5 	 CH 	 40 	 25 	 6 	 1.5416885980662007e-05 	 0.0001299852277943494 	 8.431354292779675 	 21.319574106859697
A5 	 CH 	 40 	 25 	 7 	 1.442975959505468e-05 	 0.00015647204035428925 	 10.843703897043083 	 23.83584625568581
A5 	 CH 	 60 	 00 	 average 	 6.958258640224138e-06 	 5.629717925691032e-05 	 7.92080392182216 	 20.393685775944846
A5 	 CH 	 60 	 00 	 1 	 7.557200299018669e-06 	 9.510059561436216e-05 	 12.584104145911196 	 25.324344417795178
A5 	 CH 	 60 	 00 	 2 	 8.842796584674202e-06 	 6.777066122277446e-05 	 7.663939860409144 	 20.365261936139124
A5 	 CH 	 60 	 00 	 3 	 8.365052304540141e-06 	 6.980596787681137e-05 	 8.344952946549313 	 21.21656918577748
A5 	 CH 	 60 	 00 	 4 	 8.017710559455528e-06 	 4.641366782999856e-05 	 5.788892912236839 	 17.559410664349823
A5 	 CH 	 60 	 00 	 5 	 7.514612115061694e-06 	 7.066183741599861e-05 	 9.403258123512405 	 22.410562381052742
A5 	 CH 	 60 	 00 	 6 	 7.021766435314419e-06 	 4.488361353459077e-05 	 6.392068712063474 	 18.550579581032352
A5 	 CH 	 60 	 00 	 7 	 7.665028014345643e-06 	 5.1312208840622244e-05 	 6.6943276325393475 	 19.012605458010487
A5 	 CH 	 60 	 10 	 average 	 1.774189444428179e-05 	 6.404057927324508e-05 	 3.7615785253917062 	 12.685363671126472
A5 	 CH 	 60 	 10 	 1 	 1.972182260885539e-05 	 0.00010691950758397166 	 5.421380655556815 	 16.903505165100537
A5 	 CH 	 60 	 10 	 2 	 2.2587614357393052e-05 	 8.129608195913405e-05 	 3.599144233331812 	 12.806961042404739
A5 	 CH 	 60 	 10 	 3 	 2.1832839649133883e-05 	 4.958232713029435e-05 	 2.2709976314171896 	 8.202192201537844
A5 	 CH 	 60 	 10 	 4 	 1.99533864792136e-05 	 4.515640892241238e-05 	 2.263094987382417 	 8.167333398679128
A5 	 CH 	 60 	 10 	 5 	 1.9208134449300658e-05 	 0.00010285192693924107 	 5.354602614361947 	 16.779564928103664
A5 	 CH 	 60 	 10 	 6 	 1.8298102620084305e-05 	 4.857725242792329e-05 	 2.6547699199480976 	 9.763579917855218
A5 	 CH 	 60 	 10 	 7 	 1.8707991611762018e-05 	 7.017644772057951e-05 	 3.751148128399761 	 13.22061960695862
A5 	 CH 	 60 	 25 	 average 	 7.638522720664896e-06 	 5.663972343570176e-05 	 7.323373610045299 	 19.8278514639137
A5 	 CH 	 60 	 25 	 1 	 8.313320647515512e-06 	 4.9411642094238305e-05 	 5.943670909530631 	 17.82326940729762
A5 	 CH 	 60 	 25 	 2 	 9.031143240393832e-06 	 7.212284981478533e-05 	 7.986015490508395 	 20.77691948347187
A5 	 CH 	 60 	 25 	 3 	 8.852616166403122e-06 	 6.479287868459137e-05 	 7.319065626101482 	 19.904826731182382
A5 	 CH 	 60 	 25 	 4 	 9.162247810502837e-06 	 6.710119619342647e-05 	 7.323660916102624 	 19.91110328102951
A5 	 CH 	 60 	 25 	 5 	 8.767211443133375e-06 	 7.356434181685701e-05 	 8.390848366554888 	 21.271416317622965
A5 	 CH 	 60 	 25 	 6 	 7.895999104829327e-06 	 4.862039506963764e-05 	 6.157598857869751 	 18.17686905754933
A5 	 CH 	 60 	 25 	 7 	 8.360424764662511e-06 	 7.258444105505783e-05 	 8.681908287944252 	 21.612413533505475
A5 	 CH 	 80 	 00 	 average 	 1.2716777355188042e-05 	 2.396714571062904e-05 	 1.9523722173812363 	 6.339545433234742
A5 	 CH 	 80 	 00 	 1 	 1.3637645237664903e-05 	 3.402055745177942e-05 	 2.4946064264687213 	 9.141309718581303
A5 	 CH 	 80 	 00 	 2 	 1.6803874480544108e-05 	 3.3156069368607015e-05 	 1.973120509022835 	 6.79616304254211
A5 	 CH 	 80 	 00 	 3 	 1.5395248370515626e-05 	 2.513057643987918e-05 	 1.6323592731383452 	 4.900263751684109
A5 	 CH 	 80 	 00 	 4 	 1.3987172893428878e-05 	 1.555414258004481e-05 	 1.1120290496553518 	 1.0618631927795432
A5 	 CH 	 80 	 00 	 5 	 1.3614190221726395e-05 	 2.628406510530975e-05 	 1.9306374214871738 	 6.578502185902051
A5 	 CH 	 80 	 00 	 6 	 1.3456399937206624e-05 	 1.9967671020719357e-05 	 1.4838791291799542 	 3.9465969208835765
A5 	 CH 	 80 	 00 	 7 	 1.3638996202823218e-05 	 3.4683098388385804e-05 	 2.5429362889042038 	 9.333194326083259
A5 	 CH 	 80 	 10 	 average 	 7.746728893008755e-06 	 3.228880304143118e-05 	 4.056962989739503 	 13.8212971410338
A5 	 CH 	 80 	 10 	 1 	 8.210559013159367e-06 	 4.308657398309218e-05 	 5.247702856046188 	 16.577904296207635
A5 	 CH 	 80 	 10 	 2 	 9.392862747326914e-06 	 4.1768446187073146e-05 	 4.446828119463356 	 14.921910598851147
A5 	 CH 	 80 	 10 	 3 	 9.292265083603299e-06 	 3.76282008948248e-05 	 4.049411048466728 	 13.98571450412243
A5 	 CH 	 80 	 10 	 4 	 8.873751306077692e-06 	 3.818444366315465e-05 	 4.30307795948731 	 14.593305711655734
A5 	 CH 	 80 	 10 	 5 	 8.634404973763936e-06 	 3.523710361773172e-05 	 4.081011224838468 	 14.0634480693164
A5 	 CH 	 80 	 10 	 6 	 8.273708379544337e-06 	 2.2169872650342437e-05 	 2.6795569330379774 	 9.856514573620382
A5 	 CH 	 80 	 10 	 7 	 8.512245141786911e-06 	 3.771301686945784e-05 	 4.430442996093159 	 14.884995781755602
A5 	 CH 	 80 	 25 	 average 	 8.623708394334183e-06 	 4.0816798563546246e-05 	 4.602694852430027 	 14.849199159049956
A5 	 CH 	 80 	 25 	 1 	 9.866551798945702e-06 	 5.713168086966912e-05 	 5.790440473415845 	 17.562083635472906
A5 	 CH 	 80 	 25 	 2 	 1.0606961431448693e-05 	 3.746059489896715e-05 	 3.5316989828868266 	 12.617790534265671
A5 	 CH 	 80 	 25 	 3 	 1.0283839017243263e-05 	 3.381571739217115e-05 	 3.2882386952451497 	 11.90352070436459
A5 	 CH 	 80 	 25 	 4 	 9.422974530508068e-06 	 3.2074963273976316e-05 	 3.403910640969004 	 12.249249591823654
A5 	 CH 	 80 	 25 	 5 	 9.788567197147773e-06 	 5.255038190207405e-05 	 5.3685468816504995 	 16.805572725819662
A5 	 CH 	 80 	 25 	 6 	 9.12109618738448e-06 	 4.661025615627995e-05 	 5.110159480693479 	 16.312306132576623
A5 	 CH 	 80 	 25 	 7 	 9.049642571245103e-06 	 6.41354089327977e-05 	 7.087065420305717 	 19.58271350814964
A5 	 SX 	 10 	 00 	 average 	 6.670629734849738e-06 	 0.0022610744944100668 	 344.67262724933266 	 58.27759447393316
A5 	 SX 	 10 	 00 	 1 	 7.491049058135568e-06 	 0.003088376299799497 	 412.27554055935616 	 60.216919135760776
A5 	 SX 	 10 	 00 	 2 	 8.314267365506673e-06 	 0.003163960029348998 	 380.5458605379099 	 59.416066970768114
A5 	 SX 	 10 	 00 	 3 	 7.941635111088465e-06 	 0.0023092561000207577 	 290.7784187662401 	 56.725615295843745
A5 	 SX 	 10 	 00 	 4 	 7.345946950616401e-06 	 0.00285667136850259 	 388.8772118430403 	 59.6326364300115
A5 	 SX 	 10 	 00 	 5 	 7.1318904541224434e-06 	 0.0017494997873525296 	 245.30659838462142 	 55.02508850146944
A5 	 SX 	 10 	 00 	 6 	 7.290195535993251e-06 	 0.0021247308521519007 	 291.4504613301044 	 56.748700473693745
A5 	 SX 	 10 	 00 	 7 	 7.1789421982841516e-06 	 0.0025305785672753473 	 352.5002009182055 	 58.65051192232886
A5 	 SX 	 10 	 10 	 average 	 2.112076621758993e-06 	 0.0019423474949382294 	 909.7580623264041 	 68.04267582441068
A5 	 SX 	 10 	 10 	 1 	 2.2986527637973117e-06 	 0.0022530107894544616 	 980.1440325995777 	 68.87699532905671
A5 	 SX 	 10 	 10 	 2 	 2.655763334599432e-06 	 0.0025960548105128873 	 977.5173776561116 	 68.8501606935481
A5 	 SX 	 10 	 10 	 3 	 2.4730026572531228e-06 	 0.0026221742836082624 	 1060.32004289103 	 69.6632606879094
A5 	 SX 	 10 	 10 	 4 	 2.245561478702069e-06 	 0.0021004091697945934 	 935.3603496122611 	 68.40931855695756
A5 	 SX 	 10 	 10 	 5 	 2.2427268204584456e-06 	 0.0014820248071429757 	 660.8137886539514 	 64.93472088596133
A5 	 SX 	 10 	 10 	 6 	 2.1489094254087536e-06 	 0.001777150412791912 	 827.0010786768606 	 67.17805999347944
A5 	 SX 	 10 	 10 	 7 	 2.581912322132434e-06 	 0.002489729446629026 	 964.2966669653317 	 68.71398993081175
A5 	 SX 	 10 	 25 	 average 	 1.391848951377524e-06 	 0.0025242201685096153 	 1776.5122981938075 	 74.65821659684218
A5 	 SX 	 10 	 25 	 1 	 1.5090862109304649e-06 	 0.0029524948122161727 	 1956.4785569114292 	 75.78901481667805
A5 	 SX 	 10 	 25 	 2 	 1.6754813679609347e-06 	 0.004193954684766232 	 2503.1341827872943 	 78.2529889877925
A5 	 SX 	 10 	 25 	 3 	 1.6680556652104076e-06 	 0.002550626564194912 	 1529.1015865907432 	 73.32435643611332
A5 	 SX 	 10 	 25 	 4 	 1.5332894783562118e-06 	 0.0024865321986364845 	 1621.6978161894206 	 73.91228914106318
A5 	 SX 	 10 	 25 	 5 	 1.579476986896047e-06 	 0.00279643696574825 	 1770.4828806931498 	 74.79007602311847
A5 	 SX 	 10 	 25 	 6 	 1.5169259203065457e-06 	 0.0020720091984682385 	 1365.9264244423482 	 72.19588176632061
A5 	 SX 	 10 	 25 	 7 	 1.4919505345772991e-06 	 0.0028971598207558143 	 1941.8605065057607 	 75.71401816459728
A5 	 SX 	 20 	 00 	 average 	 4.312666667709278e-06 	 0.00017113582891815462 	 38.74928776611661 	 35.77554457690648
A5 	 SX 	 20 	 00 	 1 	 4.832747916634358e-06 	 0.00021058638394668694 	 43.57487449776696 	 37.74480711258895
A5 	 SX 	 20 	 00 	 2 	 5.677030566892871e-06 	 0.000213503792822831 	 37.608357099208824 	 36.272262889758565
A5 	 SX 	 20 	 00 	 3 	 5.077591185976298e-06 	 9.793387305368552e-05 	 19.287467121056775 	 29.594555130115733
A5 	 SX 	 20 	 00 	 4 	 4.708347236416511e-06 	 0.00019312597203594183 	 41.017784445084516 	 37.140057396079
A5 	 SX 	 20 	 00 	 5 	 4.510364738711473e-06 	 9.105339735293294e-05 	 20.187590722196273 	 30.0506809495154
A5 	 SX 	 20 	 00 	 6 	 4.604736725090551e-06 	 0.00024156991848332544 	 52.461179195554344 	 39.600734521798934
A5 	 SX 	 20 	 00 	 7 	 4.6475889026868564e-06 	 0.00030823082466270525 	 66.32058710797578 	 41.9450036344129
A5 	 SX 	 20 	 10 	 average 	 1.533345555236227e-05 	 0.00011920692021856018 	 8.062443555165473 	 20.56593891599493
A5 	 SX 	 20 	 10 	 1 	 1.6652243622647432e-05 	 0.000131464440387812 	 7.894698358185041 	 20.66191440288039
A5 	 SX 	 20 	 10 	 2 	 1.9186415856893428e-05 	 0.00013314932030592528 	 6.93977037186372 	 19.372686863435995
A5 	 SX 	 20 	 10 	 3 	 1.8573915443429157e-05 	 0.00015409147522199373 	 8.296122359946795 	 21.157882200888032
A5 	 SX 	 20 	 10 	 4 	 1.6744823721398343e-05 	 0.00010538912668703088 	 6.293833153486906 	 18.395702894708478
A5 	 SX 	 20 	 10 	 5 	 1.6365442575064555e-05 	 9.114820696062548e-05 	 5.569553438139509 	 17.17314878039286
A5 	 SX 	 20 	 10 	 6 	 1.6598838726110715e-05 	 0.00011491752707166211 	 6.923226917729594 	 19.34881978528301
A5 	 SX 	 20 	 10 	 7 	 1.7141852513933535e-05 	 0.00020889826068023587 	 12.186446039623522 	 25.003243537843375
A5 	 SX 	 20 	 25 	 average 	 8.777159278341748e-06 	 0.0001348382993117938 	 18.05534123321623 	 27.998692628174112
A5 	 SX 	 20 	 25 	 1 	 9.573993758561636e-06 	 0.00023155268205587317 	 24.1855894097283 	 31.857569768577957
A5 	 SX 	 20 	 25 	 2 	 1.0455303543589858e-05 	 0.00017045357894955753 	 16.303073195236166 	 27.913536296264038
A5 	 SX 	 20 	 25 	 3 	 1.1649382154453867e-05 	 0.00012724392113530822 	 10.922804269637552 	 23.90852738597822
A5 	 SX 	 20 	 25 	 4 	 9.63931776362992e-06 	 0.00011311613354986091 	 11.734869243200908 	 24.62564686778268
A5 	 SX 	 20 	 25 	 5 	 9.91584848726491e-06 	 0.00012779594238779236 	 12.888049121759254 	 25.56300457301244
A5 	 SX 	 20 	 25 	 6 	 9.730388647901623e-06 	 0.00010410047621315 	 10.698491086026607 	 23.701027115260924
A5 	 SX 	 20 	 25 	 7 	 8.47743063300626e-06 	 0.00017576422221888378 	 20.73319497709112 	 30.31736037924105
A5 	 SX 	 40 	 00 	 average 	 9.581097646119756e-07 	 0.00014959803398742778 	 154.11295420805504 	 49.972902761346695
A5 	 SX 	 40 	 00 	 1 	 8.719888195117781e-07 	 0.00016399891017700863 	 188.0745561265691 	 52.368384593561366
A5 	 SX 	 40 	 00 	 2 	 1.1199808155381635e-06 	 0.0002500650164072359 	 223.27616057162268 	 54.08409393503468
A5 	 SX 	 40 	 00 	 3 	 1.0404037567130443e-06 	 0.00019603242518782658 	 188.41956684888697 	 52.386712147583474
A5 	 SX 	 40 	 00 	 4 	 9.11263195103818e-07 	 9.668692271769941e-05 	 106.1020825127082 	 46.64401673256798
A5 	 SX 	 40 	 00 	 5 	 1.1606055949789663e-06 	 0.00020968062159575275 	 180.66483782507768 	 51.96643589980879
A5 	 SX 	 40 	 00 	 6 	 1.2922842259919153e-06 	 0.00013182717236206155 	 102.01097383269172 	 46.25080394092265
A5 	 SX 	 40 	 00 	 7 	 1.146447762795356e-06 	 0.00013282929810508575 	 115.86162267106812 	 47.523965710172185
A5 	 SX 	 40 	 10 	 average 	 5.406240381333838e-06 	 0.00017143904647534864 	 32.42196573100414 	 34.621722984715774
A5 	 SX 	 40 	 10 	 1 	 5.703505513237943e-06 	 0.00019260120832986734 	 33.76891770908897 	 35.195407849969875
A5 	 SX 	 40 	 10 	 2 	 6.634122399160346e-06 	 0.00018710376339642638 	 28.203242590174 	 33.39436956800909
A5 	 SX 	 40 	 10 	 3 	 6.6998892622375676e-06 	 0.00026332210881278227 	 39.30245687745 	 36.71287032886823
A5 	 SX 	 40 	 10 	 4 	 5.868385013834839e-06 	 0.00013028310647570336 	 22.20084506530472 	 31.00130354158459
A5 	 SX 	 40 	 10 	 5 	 5.865421699051369e-06 	 0.00019577368220244004 	 33.37759708463981 	 35.078849289630696
A5 	 SX 	 40 	 10 	 6 	 5.629143771835455e-06 	 0.00015323439617902817 	 27.221617068249813 	 33.04011402815489
A5 	 SX 	 40 	 10 	 7 	 6.305301121250054e-06 	 0.00022788548097583825 	 36.14188705561122 	 35.87452498953415
A5 	 SX 	 40 	 25 	 average 	 3.4358225021845925e-06 	 0.00015948380077030597 	 44.43322757259991 	 37.61045297923701
A5 	 SX 	 40 	 25 	 1 	 3.916790774827424e-06 	 0.00028310739467291983 	 72.28044870111646 	 42.80553673523194
A5 	 SX 	 40 	 25 	 2 	 4.278700607375695e-06 	 0.00019810972554882894 	 46.30137598487824 	 38.35171679546449
A5 	 SX 	 40 	 25 	 3 	 4.187997499396366e-06 	 0.00020440322603223443 	 48.80691214875271 	 38.87871945221239
A5 	 SX 	 40 	 25 	 4 	 3.696860973951944e-06 	 0.00011906566074753777 	 32.207232456528274 	 34.72191037780401
A5 	 SX 	 40 	 25 	 5 	 3.6315655933546295e-06 	 0.0001615479256784461 	 44.48437499629946 	 37.95138003835178
A5 	 SX 	 40 	 25 	 6 	 3.6614762557663954e-06 	 0.0001550578077910386 	 42.348440071635245 	 37.45931586219791
A5 	 SX 	 40 	 25 	 7 	 3.7640013072796056e-06 	 0.0001438134241921021 	 38.20759145698646 	 36.430342251089726
A5 	 SX 	 60 	 00 	 average 	 9.980113769400282e-06 	 5.522697955589382e-05 	 6.169095385033181 	 17.677403061455728
A5 	 SX 	 60 	 00 	 1 	 1.0815422114922486e-05 	 5.8448940731129565e-05 	 5.40422187040533 	 16.871804759548773
A5 	 SX 	 60 	 00 	 2 	 1.3001052580747805e-05 	 5.916759242021665e-05 	 4.550984780096428 	 15.153436447301713
A5 	 SX 	 60 	 00 	 3 	 1.2235952101789587e-05 	 5.501153468391721e-05 	 4.495893268156175 	 15.031643730205015
A5 	 SX 	 60 	 00 	 4 	 1.0749146706754406e-05 	 4.353914292370205e-05 	 4.050474341032438 	 13.988339955028678
A5 	 SX 	 60 	 00 	 5 	 1.0219602096246772e-05 	 5.754514438558384e-05 	 5.630859581775472 	 17.282621093207258
A5 	 SX 	 60 	 00 	 6 	 1.0753807406348555e-05 	 6.641475091793178e-05 	 6.175928990389353 	 18.206593149862588
A5 	 SX 	 60 	 00 	 7 	 1.111748666829157e-05 	 9.142585305333202e-05 	 8.223608067288241 	 21.070090503894555
A5 	 SX 	 60 	 10 	 average 	 7.865636387393988e-06 	 6.896685403378602e-05 	 9.24814662833235 	 21.573277557470902
A5 	 SX 	 60 	 10 	 1 	 9.063915831107616e-06 	 0.00010206245038561284 	 11.260304297545616 	 24.212836469951963
A5 	 SX 	 60 	 10 	 2 	 9.944849117159377e-06 	 4.788226402472601e-05 	 4.814780341122258 	 15.716904245048593
A5 	 SX 	 60 	 10 	 3 	 9.134672196328342e-06 	 4.53187255988839e-05 	 4.961176999553377 	 16.016430108831003
A5 	 SX 	 60 	 10 	 4 	 8.346534630897163e-06 	 0.00010468126354091761 	 12.541883328849917 	 25.29073709641739
A5 	 SX 	 60 	 10 	 5 	 8.188268849889317e-06 	 5.2950445442033966e-05 	 6.466622727311855 	 18.66653982632499
A5 	 SX 	 60 	 10 	 6 	 8.131440847646869e-06 	 9.535352001311472e-05 	 11.72652200264222 	 24.61853114235666
A5 	 SX 	 60 	 10 	 7 	 9.341570588219986e-06 	 9.409048068030162e-05 	 10.072233549137088 	 23.09782484433603
A5 	 SX 	 60 	 25 	 average 	 9.158022962534727e-06 	 7.836598137512771e-05 	 8.381866288488453 	 21.058517553390473
A5 	 SX 	 60 	 25 	 1 	 9.994062315249826e-06 	 6.829901140921158e-05 	 6.83395893029353 	 19.219041440603995
A5 	 SX 	 60 	 25 	 2 	 1.1166432301384197e-05 	 0.00012335525675875335 	 11.046971264354701 	 24.021562966696553
A5 	 SX 	 60 	 25 	 3 	 1.1770899138863003e-05 	 0.00010894328908048331 	 9.255307329989284 	 22.251971523881465
A5 	 SX 	 60 	 25 	 4 	 1.0034331563934182e-05 	 7.348631814419505e-05 	 7.323489130887667 	 19.910868716333425
A5 	 SX 	 60 	 25 	 5 	 1.0897704816132933e-05 	 0.00010225678865650737 	 9.383332580740001 	 22.389349857122582
A5 	 SX 	 60 	 25 	 6 	 9.132494286576924e-06 	 8.982941376801876e-05 	 9.836240894237553 	 22.860736151314697
A5 	 SX 	 60 	 25 	 7 	 9.434524540133842e-06 	 5.441470677771125e-05 	 5.767615161340108 	 17.522586781555667
A5 	 SX 	 80 	 00 	 average 	 1.3590059984970127e-05 	 4.5291368489151854e-05 	 3.2039989509336166 	 10.571056606160685
A5 	 SX 	 80 	 00 	 1 	 1.5100488350502412e-05 	 6.110032871877692e-05 	 4.046248525250115 	 13.977901617850012
A5 	 SX 	 80 	 00 	 2 	 1.6745296088434444e-05 	 7.8398649494939e-05 	 4.681831188944278 	 15.436893130885686
A5 	 SX 	 80 	 00 	 3 	 1.6230862995210523e-05 	 7.724361115463179e-05 	 4.759057554575206 	 15.60049655903878
A5 	 SX 	 80 	 00 	 4 	 1.5287388649232478e-05 	 4.167966908699626e-05 	 2.726408678639097 	 10.029852408340819
A5 	 SX 	 80 	 00 	 5 	 1.4780177605837756e-05 	 3.707259496112319e-05 	 2.508264511414298 	 9.195910842805056
A5 	 SX 	 80 	 00 	 6 	 1.431393020359422e-05 	 1.2082931120368117e-05 	 0.8441379096101852 	 -1.6943939772244008
A5 	 SX 	 80 	 00 	 7 	 1.5036944825360542e-05 	 5.151821123005371e-05 	 3.4261089488847314 	 12.314252000048025
A5 	 SX 	 80 	 10 	 average 	 1.4243822711846717e-05 	 3.3773857748373105e-05 	 2.4556854612352446 	 8.387831792860457
A5 	 SX 	 80 	 10 	 1 	 1.620603001314335e-05 	 2.5603279371672005e-05 	 1.5798612831709764 	 4.57337047723221
A5 	 SX 	 80 	 10 	 2 	 1.8766000292380323e-05 	 5.851511946864601e-05 	 3.1181455055398923 	 11.37238435852036
A5 	 SX 	 80 	 10 	 3 	 1.73911547000853e-05 	 5.1704708578699776e-05 	 2.9730463255810253 	 10.895871259937959
A5 	 SX 	 80 	 10 	 4 	 1.5495096285135718e-05 	 3.7782115355426476e-05 	 2.4383272398036313 	 8.913122467456118
A5 	 SX 	 80 	 10 	 5 	 1.4658592599479805e-05 	 3.9376913243099494e-05 	 2.686268342330278 	 9.88152997180318
A5 	 SX 	 80 	 10 	 6 	 1.5385127574686532e-05 	 1.5839915952515954e-05 	 1.0295602604282394 	 0.2913177945722318
A5 	 SX 	 80 	 10 	 7 	 1.4723893556129277e-05 	 3.69863788034958e-05 	 2.5119971604317306 	 9.210781182039323
A5 	 SX 	 80 	 25 	 average 	 8.994734786163879e-06 	 4.256038779670663e-05 	 4.803923256472531 	 15.481805120796324
A5 	 SX 	 80 	 25 	 1 	 9.853063405321743e-06 	 3.917604046519743e-05 	 3.9760264248414394 	 13.802829348591237
A5 	 SX 	 80 	 25 	 2 	 1.1297388927733781e-05 	 5.872760014993189e-05 	 5.198333927033567 	 16.48338175601378
A5 	 SX 	 80 	 25 	 3 	 1.098828722585602e-05 	 4.859761002139676e-05 	 4.422673800066312 	 14.867444453336152
A5 	 SX 	 80 	 25 	 4 	 1.0394185248126967e-05 	 4.909167230015054e-05 	 4.722993782412803 	 15.524428744644164
A5 	 SX 	 80 	 25 	 5 	 9.205586400537771e-06 	 3.78397476435021e-05 	 4.11052006869346 	 14.135495578979649
A5 	 SX 	 80 	 25 	 6 	 9.798091003331893e-06 	 3.46713845586361e-05 	 3.538585684379326 	 12.637271231280005
A5 	 SX 	 80 	 25 	 7 	 9.592008917386292e-06 	 6.791612893151444e-05 	 7.080490595500903 	 19.57343198454814
