dis;ang;source_pos;SNR;TDOA_real;TDOA_CSOM;TDOA_GCCP
1 ; 0 ; [0. 1.] ; 74.09052701755544 ; 0.3821759421076379 ; 0.0 ; 0.0 ; 0.0 ; 0.0 ; 0.0 ; 0.0
1 ; 15 ; [0.25881905 0.96592583] ; 73.99618988142012 ; 0.32805896673324103 ; 0.0004343809757301557 ; 0.0 ; 0.00043750000000000006 ; 5.421010862427522e-20 ; 0.00043750000000000006 ; 5.421010862427522e-20
1 ; 45 ; [0.70710678 0.70710678] ; 73.97284437591978 ; 0.25245491496473477 ; 0.0012077714808524484 ; 2.168404344971009e-19 ; 0.0012083333333333332 ; 2.168404344971009e-19 ; 0.0012083333333333332 ; 2.168404344971009e-19
1 ; 75 ; [0.96592583 0.25881905] ; 73.79163481031364 ; 0.3006627110678276 ; 0.0016826647618928762 ; 2.168404344971009e-19 ; 0.0016875000000000002 ; 2.168404344971009e-19 ; 0.0016875000000000002 ; 2.168404344971009e-19
1 ; 90 ; [1.000000e+00 6.123234e-17] ; 73.74963424229202 ; 0.33916983610149126 ; 0.001747742499271774 ; 2.168404344971009e-19 ; 0.0017500000000000003 ; 2.168404344971009e-19 ; 0.0017500000000000003 ; 2.168404344971009e-19
5 ; 0 ; [0. 5.] ; 63.59764355818561 ; 0.2521034301183868 ; 0.0 ; 0.0 ; 0.0 ; 0.0 ; 0.0 ; 0.0
5 ; 15 ; [1.29409523 4.82962913] ; 63.49944698735872 ; 0.35791804103968333 ; 0.0004515910861116115 ; 5.421010862427522e-20 ; 0.0004583333333333333 ; 0.0 ; 0.0004583333333333333 ; 0.0
5 ; 45 ; [3.53553391 3.53553391] ; 63.07310294239151 ; 0.3008411101611672 ; 0.0012347278191278232 ; 2.168404344971009e-19 ; 0.0012291666666666666 ; 0.0 ; 0.0012291666666666666 ; 0.0
5 ; 75 ; [4.82962913 1.29409523] ; 62.766558718904186 ; 0.3407454117060144 ; 0.0016879854118824849 ; 0.0 ; 0.0016875000000000002 ; 2.168404344971009e-19 ; 0.0016875000000000002 ; 2.168404344971009e-19
5 ; 90 ; [5.000000e+00 3.061617e-16] ; 62.96677516716314 ; 0.2656905105715473 ; 0.0017477424992717728 ; 0.0 ; 0.0017500000000000003 ; 2.168404344971009e-19 ; 0.0017500000000000003 ; 2.168404344971009e-19
10 ; 0 ; [ 0. 10.] ; 51.9119419185472 ; 0.36067615811727 ; 0.0 ; 0.0 ; 0.0 ; 0.0 ; 0.0 ; 0.0
10 ; 15 ; [2.58819045 9.65925826] ; 51.89386944301159 ; 0.2594420711656254 ; 0.00045215923151354433 ; 5.421010862427522e-20 ; 0.0004583333333333333 ; 0.0 ; 0.0004583333333333333 ; 0.0
10 ; 45 ; [7.07106781 7.07106781] ; 51.5637206340888 ; 0.2905433092687357 ; 0.0012355624776411347 ; 2.168404344971009e-19 ; 0.0012291666666666666 ; 0.0 ; 0.0012291666666666666 ; 0.0
10 ; 75 ; [9.65925826 2.58819045] ; 51.449845900366896 ; 0.27860879751863016 ; 0.0016881386880212331 ; 0.0 ; 0.0016875000000000002 ; 2.168404344971009e-19 ; 0.0016875000000000002 ; 2.168404344971009e-19
10 ; 90 ; [1.000000e+01 6.123234e-16] ; 51.51405301098267 ; 0.2506639608395418 ; 0.001747742499271778 ; 0.0 ; 0.0017500000000000003 ; 2.168404344971009e-19 ; 0.0017500000000000003 ; 2.168404344971009e-19
20 ; 0 ; [ 0. 20.] ; 38.45521145235263 ; 0.17841257879342595 ; 0.0 ; 0.0 ; 0.0 ; 0.0 ; 6.250000000000001e-06 ; 5.7471309267223836e-05
20 ; 15 ; [ 5.1763809  19.31851653] ; nan ; nan ; 0.00045230157117262233 ; 0.0 ; 0.0004583333333333333 ; 0.0 ; 0.00044583333333333335 ; 3.9747466725706054e-05
20 ; 45 ; [14.14213562 14.14213562] ; 38.2546968768748 ; 0.27950643848706175 ; 0.0012357710550164058 ; 2.168404344971009e-19 ; 0.0012291666666666666 ; 0.0 ; 0.00123125 ; 4.264476977178901e-05
20 ; 75 ; [19.31851653  5.1763809 ] ; nan ; nan ; 0.001688176892905313 ; 2.168404344971009e-19 ; 0.0016875000000000002 ; 2.168404344971009e-19 ; 0.0016979166666666666 ; 0.00011267347735824967
20 ; 90 ; [2.0000000e+01 1.2246468e-15] ; nan ; nan ; 0.001747742499271778 ; 0.0 ; 0.0017500000000000003 ; 2.168404344971009e-19 ; 0.0017250000000000002 ; 5.128555677121324e-05
40 ; 0 ; [ 0. 40.] ; nan ; nan ; 0.0 ; 0.0 ; -1.0416666666666659e-06 ; 2.13223848858945e-05 ; -0.009854166666666667 ; 0.03197010593681402
40 ; 15 ; [10.3527618  38.63703305] ; nan ; nan ; 0.00045233717508586077 ; 5.421010862427522e-20 ; 0.0004583333333333333 ; 9.316949906249115e-06 ; 2.2916666666666728e-05 ; 0.0022037974249639585
40 ; 45 ; [28.28427125 28.28427125] ; nan ; nan ; 0.0012358231938727634 ; 2.168404344971009e-19 ; 0.00124375 ; 1.4877975892797633e-05 ; -0.0019875 ; 0.011597878308121704
40 ; 75 ; [38.63703305 10.3527618 ] ; nan ; nan ; 0.0016881864370124212 ; 0.0 ; 0.0016791666666666667 ; 1.530931089239484e-05 ; 0.0020510416666666667 ; 0.0016088874666080077
40 ; 90 ; [4.0000000e+01 2.4492936e-15] ; nan ; nan ; 0.0017477424992717577 ; 2.168404344971009e-19 ; 0.0017531250000000001 ; 1.5131082339931185e-05 ; 0.0031302083333333334 ; 0.012398012544789746
60 ; 0 ; [ 0. 60.] ; nan ; nan ; 0.0 ; 0.0 ; 4.166666666666667e-06 ; 3.703414340548162e-05 ; -0.010588541666666665 ; 0.05455396986705191
60 ; 15 ; [15.52914271 57.95554958] ; nan ; nan ; 0.00045234376923752553 ; 0.0 ; 0.00045208333333333325 ; 3.0262164679862384e-05 ; 0.004545833333333332 ; 0.038339049958705435
60 ; 45 ; [42.42640687 42.42640687] ; nan ; nan ; 0.0012358328489752673 ; 0.0 ; 0.0012437499999999998 ; 2.6434536542603174e-05 ; -0.001523958333333334 ; 0.03316352795750991
60 ; 75 ; [57.95554958 15.52914271] ; nan ; nan ; 0.0016881882041276518 ; 2.168404344971009e-19 ; 0.0017000000000000001 ; 3.118047822311619e-05 ; -9.791666666666708e-05 ; 0.02777192663201757
60 ; 90 ; [6.0000000e+01 3.6739404e-15] ; 16.559512375281255 ; 0.38399122840768246 ; 0.0017477424992717577 ; 2.168404344971009e-19 ; 0.0017541666666666665 ; 2.517301244498867e-05 ; 0.012615625000000002 ; 0.028696766443222745
80 ; 0 ; [ 0. 80.] ; nan ; nan ; 0.0 ; 0.0 ; 4.166666666666667e-06 ; 3.761556267764123e-05 ; -0.0067781249999999986 ; 0.05168459335967739
80 ; 15 ; [20.70552361 77.2740661 ] ; nan ; nan ; 0.00045234607725220264 ; 5.421010862427522e-20 ; 0.00044687499999999995 ; 4.539324701979359e-05 ; 0.0007760416666666676 ; 0.057394360944136004
80 ; 45 ; [56.56854249 56.56854249] ; nan ; nan ; 0.0012358362282433115 ; 2.168404344971009e-19 ; 0.0011072916666666666 ; 0.0005419180105960063 ; 0.013572916666666667 ; 0.04247309120563866
80 ; 75 ; [77.2740661  20.70552361] ; nan ; nan ; 0.0016881888225949357 ; 0.0 ; 0.0018052083333333336 ; 0.0005487626153320861 ; -0.008752083333333336 ; 0.06379813912978663
80 ; 90 ; [8.0000000e+01 4.8985872e-15] ; nan ; nan ; 0.0017477424992717577 ; 2.168404344971009e-19 ; 0.0017479166666666667 ; 3.479852726768763e-05 ; -0.008017708333333335 ; 0.041542002190115265
100 ; 0 ; [  0. 100.] ; nan ; nan ; 0.0 ; 0.0 ; -5.2083333333333315e-06 ; 5.427673112547095e-05 ; 0.005151041666666667 ; 0.057987479893816425
100 ; 15 ; [25.88190451 96.59258263] ; 2.5594568652937224 ; 7.986762870600563 ; 0.00045234714554411964 ; 1.0842021724855044e-19 ; 0.00045312499999999986 ; 0.0007986499839573027 ; 0.00022604166666666953 ; 0.07034899215837888
100 ; 45 ; [70.71067812 70.71067812] ; nan ; nan ; 0.0012358377923585733 ; 2.168404344971009e-19 ; 0.0013625 ; 0.0005408407164365083 ; -0.005955208333333333 ; 0.05326724961669629
100 ; 75 ; [96.59258263 25.88190451] ; nan ; nan ; 0.001688189108852879 ; 2.168404344971009e-19 ; 0.0017020833333333332 ; 4.709439398107213e-05 ; 0.011726041666666668 ; 0.050747643484475524
100 ; 90 ; [1.000000e+02 6.123234e-15] ; nan ; nan ; 0.0017477424992717577 ; 2.168404344971009e-19 ; 0.0021229166666666666 ; 0.0008975975844503545 ; -0.007108333333333333 ; 0.04426447189589211
